1,1356
2,2008
3,1590
4,452
5,572
6,565
7,560
8,520
9,456
10,282
11,257
12,319
13,460
14,474
15,123
16,174
17,211
18,169
19,202
20,220
21,179
22,184
23,202
24,252
25,267
26,247
27,213
28,143
29,194
30,178
31,171
32,162
33,175
34,142
35,173
36,187
37,185
38,171
39,178
40,219
41,143
42,177
43,240
44,162
45,234
46,115
47,105
48,105
49,94
50,133
51,104
52,95
53,101
54,102
55,108
56,114
57,96
58,91
59,106
60,102
61,105
62,98
63,104
64,107
65,104
66,108
67,111
68,102
69,109
70,102
71,97
72,103
73,102
74,106
75,103
76,110
77,121
78,114
79,187
80,101
81,98
82,96
83,107
84,97
85,127
86,104
87,97
88,99
89,111
90,117
91,111
92,101
93,122
94,105
95,972
96,97
97,107
98,112
99,104
100,101
101,112
102,107
103,99
104,104
105,105
106,103
107,116
108,105
109,100
110,111
111,103
112,108
113,114
114,170
115,101
116,107
117,231
118,105
119,110
120,106
121,104
122,114
123,143
124,125
125,152
126,107
127,201
128,113
129,128
130,122
131,139
132,134
133,105
134,108
135,104
136,114
137,123
138,100
139,107
140,107
141,107
142,108
143,107
144,110
145,107
146,107
147,141
148,210
149,352
150,304
151,114
152,112
153,112
154,112
155,169
156,179
157,189
158,148
159,106
160,104
161,108
162,110
163,117
164,143
165,121
166,131
167,121
168,149
169,133
170,144
171,118
172,146
173,122
174,148
175,139
176,117
177,119
178,147
179,117
180,115
181,110
182,125
183,118
184,117
185,127
186,128
187,117
188,128
189,116
190,113
191,107
192,146
193,130
194,111
195,116
196,203
197,115
198,121
199,107
200,143
201,102
202,138
203,104
204,105
205,101
206,101
207,112
208,125
209,115
210,116
211,136
212,114
213,136
214,107
215,131
216,113
217,144
218,239
219,321
220,166
221,127
222,131
223,132
224,167
225,188
226,155
227,152
228,99
229,104
230,99
231,103
232,222
233,101
234,107
235,133
236,153
237,173
238,151
239,183
240,152
241,115
242,132
243,126
244,141
245,94
246,146
247,163
248,175
249,132
250,427
251,214
252,248
253,251
254,216
255,220
256,189
257,175
258,168
259,105
260,106
261,110
262,103
263,108
264,135
265,116
266,111
267,123
268,143
269,127
270,127
271,127
272,124
273,177
274,203
275,164
276,121
277,121
278,157
279,131
280,120
281,141
282,114
283,150
284,115
285,160
286,116
287,123
288,124
289,107
290,102
291,108
292,150
293,118
294,102
295,125
296,89
297,100
298,97
299,132
300,104
301,110
302,103
303,108
304,100
305,99
306,100
307,135
308,117
309,97
310,111
311,94
312,124
313,93
314,91
315,113
316,119
317,114
318,104
319,110
320,103
321,186
322,129
323,86
324,107
325,100
326,105
327,116
328,98
329,97
330,113
331,129
332,105
333,133
334,97
335,119
336,94
337,129
338,94
339,105
340,102
341,112
342,122
343,232
344,223
345,95
346,105
347,97
348,144
349,220
350,266
351,104
352,112
353,139
354,102
355,117
356,104
357,105
358,110
359,110
360,107
361,136
362,100
363,122
364,106
365,107
366,110
367,103
368,108
369,117
370,105
371,113
372,102
373,116
374,99
375,125
376,109
377,240
378,101
379,97
380,102
381,118
382,95
383,125
384,102
385,124
386,182
387,102
388,98
389,103
390,96
391,104
392,101
393,97
394,104
395,96
396,104
397,96
398,213
399,95
400,95
401,106
402,119
403,110
404,120
405,107
406,101
407,101
408,111
409,104
410,96
411,97
412,107
413,107
414,99
415,106
416,103
417,83
418,114
419,96
420,118
421,311
422,128
423,98
424,153
425,130
426,108
427,139
428,113
429,121
430,295
431,108
432,133
433,109
434,115
435,96
436,99
437,98
438,121
439,99
440,117
441,93
442,98
443,99
444,94
445,94
446,99
447,94
448,88
449,117
450,99
451,116
452,98
453,97
454,102
455,92
456,101
457,101
458,106
459,116
460,88
461,81
462,95
463,112
464,97
465,461
466,110
467,106
468,99
469,121
470,99
471,124
472,98
473,127
474,104
475,122
476,98
477,111
478,102
479,97
480,107
481,100
482,95
483,125
484,101
485,101
486,105
487,125
488,104
489,123
490,101
491,116
492,107
493,96
494,122
495,101
496,106
497,101
498,94
499,95
500,97
501,98
502,119
503,99
504,112
505,106
506,118
507,128
508,139
509,107
510,114
511,113
512,109
513,150
514,184
515,214
516,137
517,162
518,183
519,216
520,192
521,184
522,173
523,204
524,189
525,202
526,188
527,790
528,168
529,193
530,185
531,184
532,147
533,204
534,187
535,213
536,236
537,180
538,172
539,383
540,225
541,151
542,157
543,165
544,184
545,184
546,187
547,167
548,190
549,187
550,190
551,127
552,180
553,185
554,179
555,182
556,206
557,198
558,172
559,188
560,235
561,192
562,210
563,193
564,206
565,191
566,251
567,165
568,131
569,114
570,108
571,119
572,101
573,113
574,107
575,112
576,102
577,111
578,132
579,114
580,129
581,104
582,131
583,110
584,106
585,114
586,114
587,133
588,110
589,141
590,109
591,102
592,116
593,115
594,117
595,155
596,101
597,101
598,117
599,173
600,174
601,183
602,207
603,246
604,204
605,182
606,143
607,148
608,154
609,302
610,147
611,76
612,119
613,124
614,152
615,119
616,113
617,121
618,100
619,79
620,87
621,74
622,69
623,78
624,94
625,71
626,75
627,70
628,65
629,61
630,85
631,68
632,100
633,77
634,80
635,91
636,77
637,103
638,84
639,70
640,80
641,100
642,79
643,86
644,70
645,98
646,84
647,68
648,66
649,93
650,75
651,96
652,77
653,78
654,80
655,71
656,71
657,79
658,96
659,72
660,85
661,77
662,94
663,75
664,81
665,77
666,100
667,73
668,67
669,69
670,71
671,76
672,69
673,77
674,76
675,67
676,96
677,82
678,71
679,98
680,121
681,125
682,142
683,120
684,122
685,122
686,143
687,118
688,161
689,128
690,106
691,74
692,92
693,76
694,86
695,98
696,97
697,76
698,75
699,63
700,89
701,75
702,88
703,73
704,94
705,73
706,77
707,81
708,95
709,91
710,89
711,98
712,99
713,72
714,71
715,66
716,59
717,57
718,103
719,80
720,90
721,78
722,77
723,63
724,83
725,78
726,93
727,77
728,62
729,88
730,77
731,83
732,75
733,187
734,77
735,69
736,75
737,93
738,81
739,83
740,79
741,68
742,56
743,88
744,78
745,69
746,74
747,92
748,74
749,89
750,73
751,78
752,86
753,72
754,100
755,76
756,84
757,72
758,76
759,58
760,88
761,116
762,131
763,101
764,135
765,108
766,133
767,120
768,139
769,120
770,132
771,113
772,56
773,80
774,89
775,93
776,80
777,99
778,75
779,84
780,64
781,91
782,75
783,70
784,78
785,88
786,74
787,88
788,74
789,74
790,77
791,94
792,83
793,94
794,68
795,142
796,113
797,100
798,92
799,71
800,89
801,79
802,87
803,91
804,81
805,82
806,97
807,102
808,104
809,77
810,83
811,76
812,91
813,64
814,95
815,76
816,97
817,85
818,68
819,81
820,88
821,80
822,90
823,75
824,72
825,113
826,70
827,68
828,90
829,76
830,64
831,69
832,80
833,72
834,97
835,75
836,86
837,63
838,93
839,60
840,86
841,72
842,117
843,116
844,147
845,145
846,129
847,145
848,126
849,145
850,106
851,122
852,94
853,82
854,65
855,89
856,77
857,67
858,67
859,93
860,72
861,69
862,80
863,86
864,68
865,88
866,69
867,77
868,80
869,102
870,66
871,87
872,74
873,91
874,72
875,85
876,78
877,79
878,77
879,87
880,76
881,74
882,75
883,84
884,70
885,88
886,67
887,92
888,67
889,73
890,79
891,65
892,66
893,68
894,66
895,91
896,72
897,60
898,63
899,96
900,79
901,89
902,278
903,93
904,60
905,113
906,81
907,114
908,87
909,88
910,78
911,183
912,68
913,86
914,249
915,70
916,91
917,75
918,74
919,258
920,68
921,97
922,79
923,102
924,109
925,133
926,116
927,121
928,111
929,139
930,117
931,119
932,123
933,134
934,81
935,85
936,78
937,85
938,74
939,90
940,83
941,96
942,82
943,66
944,95
945,93
946,65
947,86
948,84
949,89
950,71
951,94
952,60
953,78
954,96
955,91
956,82
957,98
958,80
959,82
960,77
961,72
962,80
963,83
964,70
965,78
966,81
967,94
968,69
969,82
970,75
971,82
972,62
973,74
974,82
975,96
976,77
977,100
978,95
979,72
980,79
981,96
982,55
983,75
984,73
985,77
986,93
987,91
988,83
989,98
990,159
991,68
992,97
993,83
994,102
995,76
996,97
997,76
998,94
999,91
1000,91
1001,97
1002,64
1003,75
1004,103
1005,134
1006,153
1007,114
1008,135
1009,155
1010,114
1011,134
1012,160
1013,140
1014,141
1015,78
1016,80
1017,91
1018,70
1019,74
1020,81
1021,72
1022,71
1023,79
1024,81
1025,90
1026,94
1027,78
1028,71
1029,84
1030,96
1031,80
1032,91
1033,74
1034,91
1035,94
1036,70
1037,129
1038,143
1039,150
1040,116
1041,147
1042,96
1043,112
1044,126
1045,144
1046,158
1047,109
1048,98
1049,86
1050,79
1051,100
1052,91
1053,88
1054,74
1055,78
1056,80
1057,75
1058,97
1059,73
1060,190
1061,74
1062,76
1063,97
1064,127
1065,91
1066,73
1067,82
1068,82
1069,78
1070,93
1071,74
1072,81
1073,93
1074,72
1075,95
1076,94
1077,76
1078,118
1079,98
1080,98
1081,82
1082,97
1083,96
1084,78
1085,132
1086,146
1087,123
1088,110
1089,122
1090,127
1091,147
1092,127
1093,122
1094,142
1095,128
1096,100
1097,76
1098,96
1099,422
1100,84
1101,73
1102,87
1103,74
1104,73
1105,63
1106,70
1107,71
1108,113
1109,118
1110,120
1111,108
1112,99
1113,111
1114,115
1115,71
1116,101
1117,66
1118,106
1119,103
1120,113
1121,115
1122,111
1123,102
1124,111
1125,126
1126,127
1127,125
1128,116
1129,127
1130,89
1131,137
1132,112
1133,108
1134,103
1135,113
1136,119
1137,115
1138,261
1139,123
1140,109
1141,109
1142,106
1143,131
1144,108
1145,137
1146,116
1147,111
1148,119
1149,109
1150,101
1151,120
1152,97
1153,182
1154,105
1155,74
1156,67
1157,74
1158,78
1159,66
1160,65
1161,73
1162,73
1163,77
1164,73
1165,66
1166,74
1167,135
1168,126
1169,132
1170,132
1171,124
1172,129
1173,128
1174,118
1175,110
1176,134
1177,81
1178,72
1179,73
1180,78
1181,74
1182,68
1183,72
1184,75
1185,75
1186,67
1187,75
1188,66
1189,79
1190,117
1191,109
1192,107
1193,111
1194,120
1195,112
1196,85
1197,112
1198,114
1199,127
1200,115
1201,267
1202,148
1203,80
1204,83
1205,115
1206,100
1207,76
1208,69
1209,85
1210,70
1211,76
1212,62
1213,76
1214,68
1215,94
1216,73
1217,74
1218,96
1219,73
1220,49
1221,73
1222,73
1223,71
1224,80
1225,71
1226,66
1227,71
1228,67
1229,74
1230,79
1231,65
1232,64
1233,75
1234,69
1235,72
1236,66
1237,71
1238,74
1239,73
1240,75
1241,65
1242,68
1243,74
1244,77
1245,62
1246,73
1247,69
1248,142
1249,134
1250,128
1251,135
1252,129
1253,139
1254,142
1255,142
1256,142
1257,118
1258,92
1259,72
1260,69
1261,69
1262,70
1263,71
1264,66
1265,69
1266,72
1267,76
1268,73
1269,79
1270,89
1271,73
1272,68
1273,68
1274,79
1275,76
1276,73
1277,77
1278,84
1279,76
1280,60
1281,82
1282,81
1283,77
1284,76
1285,75
1286,74
1287,76
1288,77
1289,78
1290,110
1291,111
1292,129
1293,122
1294,118
1295,121
1296,118
1297,126
1298,133
1299,120
1300,117
1301,87
1302,129
1303,108
1304,134
1305,90
1306,79
1307,111
1308,106
1309,100
1310,103
1311,104
1312,110
1313,113
1314,112
1315,74
1316,106
1317,121
1318,129
1319,80
1320,79
1321,78
1322,67
1323,75
1324,75
1325,76
1326,68
1327,75
1328,73
1329,141
1330,136
1331,123
1332,126
1333,141
1334,141
1335,141
1336,131
1337,137
1338,138
1339,93
1340,74
1341,61
1342,74
1343,79
1344,68
1345,71
1346,75
1347,72
1348,79
1349,74
1350,68
1351,74
1352,73
1353,74
1354,80
1355,76
1356,81
1357,83
1358,68
1359,77
1360,73
1361,86
1362,77
1363,63
1364,73
1365,70
1366,79
1367,77
1368,77
1369,83
1370,88
1371,66
1372,76
1373,70
1374,78
1375,72
1376,77
1377,75
1378,72
1379,78
1380,73
1381,78
1382,79
1383,97
1384,83
1385,73
1386,72
1387,65
1388,72
1389,80
1390,81
1391,72
1392,62
1393,78
1394,88
1395,115
1396,119
1397,73
1398,69
1399,77
1400,75
1401,79
1402,82
1403,74
1404,101
1405,96
1406,75
1407,83
1408,152
1409,80
1410,131
1411,134
1412,134
1413,126
1414,131
1415,129
1416,133
1417,137
1418,140
1419,141
1420,102
1421,66
1422,89
1423,78
1424,72
1425,78
1426,74
1427,97
1428,77
1429,88
1430,78
1431,71
1432,70
1433,85
1434,72
1435,82
1436,78
1437,80
1438,78
1439,77
1440,79
1441,85
1442,77
1443,79
1444,95
1445,80
1446,74
1447,81
1448,76
1449,79
1450,86
1451,79
1452,81
1453,74
1454,75
1455,70
1456,80
1457,81
1458,75
1459,71
1460,77
1461,78
1462,82
1463,97
1464,71
1465,82
1466,76
1467,79
1468,78
1469,76
1470,70
1471,74
1472,71
1473,77
1474,85
1475,124
1476,70
1477,64
1478,72
1479,65
1480,75
1481,71
1482,65
1483,71
1484,94
1485,94
1486,80
1487,73
1488,76
1489,78
1490,77
1491,122
1492,131
1493,140
1494,149
1495,136
1496,145
1497,201
1498,204
1499,203
1500,172
1501,155
1502,93
1503,117
1504,88
1505,102
1506,113
1507,100
1508,101
1509,97
1510,86
1511,113
1512,113
1513,119
1514,71
1515,106
1516,111
1517,117
1518,120
1519,125
1520,113
1521,318
1522,111
1523,99
1524,86
1525,120
1526,93
1527,142
1528,99
1529,67
1530,78
1531,85
1532,77
1533,68
1534,70
1535,73
1536,81
1537,73
1538,113
1539,86
1540,83
1541,74
1542,68
1543,79
1544,72
1545,88
1546,73
1547,63
1548,78
1549,77
1550,73
1551,75
1552,65
1553,72
1554,74
1555,73
1556,73
1557,73
1558,76
1559,86
1560,73
1561,74
1562,76
1563,76
1564,82
1565,95
1566,103
1567,109
1568,110
1569,90
1570,117
1571,104
1572,188
1573,155
1574,194
1575,174
1576,177
1577,188
1578,124
1579,172
1580,185
1581,182
1582,195
1583,102
1584,125
1585,115
1586,120
1587,127
1588,105
1589,117
1590,82
1591,73
1592,65
1593,102
1594,96
1595,115
1596,110
1597,113
1598,119
1599,110
1600,105
1601,115
1602,112
1603,67
1604,73
1605,86
1606,65
1607,66
1608,80
1609,78
1610,92
1611,79
1612,81
1613,81
1614,79
1615,78
1616,83
1617,77
1618,78
1619,82
1620,80
1621,81
1622,81
1623,79
1624,86
1625,66
1626,76
1627,83
1628,75
1629,88
1630,89
1631,74
1632,82
1633,92
1634,67
1635,81
1636,79
1637,87
1638,91
1639,77
1640,93
1641,79
1642,76
1643,77
1644,76
1645,84
1646,129
1647,94
1648,76
1649,77
1650,79
1651,73
1652,75
1653,102
1654,118
1655,113
1656,119
1657,124
1658,116
1659,104
1660,113
1661,127
1662,120
1663,114
1664,70
1665,68
1666,82
1667,75
1668,83
1669,71
1670,66
1671,66
1672,76
1673,75
1674,79
1675,80
1676,71
1677,70
1678,77
1679,78
1680,60
1681,76
1682,71
1683,76
1684,69
1685,77
1686,91
1687,77
1688,82
1689,95
1690,82
1691,80
1692,64
1693,84
1694,68
1695,68
1696,69
1697,77
1698,86
1699,80
1700,243
1701,102
1702,74
1703,82
1704,62
1705,86
1706,73
1707,71
1708,71
1709,75
1710,71
1711,72
1712,60
1713,70
1714,75
1715,76
1716,78
1717,86
1718,67
1719,77
1720,75
1721,70
1722,81
1723,69
1724,72
1725,78
1726,69
1727,74
1728,84
1729,96
1730,123
1731,77
1732,49
1733,77
1734,106
1735,121
1736,115
1737,114
1738,124
1739,116
1740,124
1741,160
1742,133
1743,134
1744,140
1745,82
1746,72
1747,108
1748,117
1749,92
1750,59
1751,83
1752,97
1753,70
1754,81
1755,74
1756,91
1757,90
1758,114
1759,100
1760,128
1761,114
1762,123
1763,94
1764,110
1765,126
1766,116
1767,130
1768,121
1769,102
1770,114
1771,94
1772,112
1773,110
1774,123
1775,125
1776,102
1777,123
1778,124
1779,126
1780,111
1781,115
1782,100
1783,100
1784,67
1785,75
1786,74
1787,78
1788,77
1789,85
1790,75
1791,78
1792,72
1793,82
1794,75
1795,85
1796,73
1797,72
1798,80
1799,88
1800,82
1801,73
1802,77
1803,83
1804,71
1805,73
1806,59
1807,78
1808,75
1809,82
1810,85
1811,80
1812,67
1813,71
1814,77
1815,82
1816,123
1817,121
1818,132
1819,135
1820,113
1821,123
1822,120
1823,126
1824,125
1825,119
1826,71
1827,77
1828,72
1829,67
1830,72
1831,77
1832,71
1833,81
1834,72
1835,78
1836,73
1837,73
1838,73
1839,78
1840,64
1841,150
1842,65
1843,57
1844,76
1845,87
1846,95
1847,122
1848,117
1849,73
1850,86
1851,75
1852,83
1853,67
1854,89
1855,84
1856,80
1857,93
1858,72
1859,100
1860,79
1861,91
1862,91
1863,78
1864,67
1865,79
1866,78
1867,79
1868,79
1869,78
1870,85
1871,83
1872,68
1873,77
1874,81
1875,71
1876,70
1877,71
1878,81
1879,81
1880,83
1881,65
1882,78
1883,78
1884,73
1885,74
1886,77
1887,83
1888,86
1889,75
1890,74
1891,81
1892,85
1893,78
1894,81
1895,76
1896,94
1897,110
1898,120
1899,121
1900,115
1901,127
1902,159
1903,146
1904,135
1905,142
1906,130
1907,92
1908,66
1909,82
1910,80
1911,74
1912,78
1913,68
1914,74
1915,90
1916,84
1917,82
1918,93
1919,67
1920,92
1921,57
1922,89
1923,75
1924,74
1925,86
1926,88
1927,88
1928,93
1929,85
1930,88
1931,78
1932,72
1933,82
1934,86
1935,82
1936,93
1937,75
1938,84
1939,85
1940,77
1941,69
1942,115
1943,86
1944,67
1945,71
1946,75
1947,84
1948,77
1949,86
1950,92
1951,67
1952,83
1953,105
1954,123
1955,135
1956,83
1957,79
1958,82
1959,80
1960,74
1961,75
1962,84
1963,78
1964,82
1965,83
1966,86
1967,74
1968,89
1969,87
1970,87
1971,83
1972,77
1973,74
1974,84
1975,81
1976,75
1977,79
1978,144
1979,122
1980,112
1981,114
1982,117
1983,111
1984,119
1985,121
1986,112
1987,128
1988,89
1989,63
1990,77
1991,81
1992,65
1993,66
1994,77
1995,76
1996,79
1997,66
1998,74
1999,76
2000,84
2001,71
2002,79
2003,78
2004,79
2005,76
2006,77
2007,70
2008,64
2009,79
2010,72
2011,83
2012,76
2013,81
2014,75
2015,81
2016,73
2017,78
2018,76
2019,74
2020,97
2021,77
2022,76
2023,79
2024,79
2025,69
2026,73
2027,75
2028,82
2029,77
2030,82
2031,77
2032,80
2033,80
2034,79
2035,66
2036,72
2037,65
2038,130
2039,127
2040,120
2041,136
2042,97
2043,98
2044,124
2045,118
2046,119
2047,118
2048,85
2049,127
2050,125
2051,80
2052,84
2053,96
2054,84
2055,83
2056,66
2057,79
2058,73
2059,148
2060,150
2061,143
2062,129
2063,146
2064,145
2065,148
2066,152
2067,153
2068,210
2069,143
2070,123
2071,118
2072,98
2073,92
2074,87
2075,93
2076,79
2077,103
2078,111
2079,101
2080,73
2081,118
2082,125
2083,136
2084,113
2085,114
2086,84
2087,101
2088,108
2089,75
2090,89
2091,102
2092,80
2093,115
2094,110
2095,93
2096,75
2097,79
2098,81
2099,85
2100,90
2101,77
2102,81
2103,92
2104,94
2105,87
2106,178
2107,91
2108,91
2109,85
2110,79
2111,84
2112,90
2113,75
2114,96
2115,74
2116,77
2117,82
2118,71
2119,89
2120,70
2121,87
2122,75
2123,83
2124,100
2125,81
2126,77
2127,74
2128,81
2129,108
2130,80
2131,83
2132,73
2133,80
2134,95
2135,95
2136,80
2137,96
2138,78
2139,87
2140,151
2141,136
2142,121
2143,115
2144,114
2145,140
2146,119
2147,127
2148,116
2149,119
2150,184
2151,90
2152,66
2153,110
2154,94
2155,72
2156,65
2157,66
2158,67
2159,67
2160,64
2161,72
2162,73
2163,65
2164,67
2165,61
2166,63
2167,64
2168,75
2169,64
2170,66
2171,70
2172,62
2173,68
2174,75
2175,67
2176,66
2177,81
2178,70
2179,69
2180,65
2181,62
2182,65
2183,64
2184,77
2185,66
2186,74
2187,66
2188,70
2189,95
2190,101
2191,77
2192,62
2193,73
2194,71
2195,66
2196,62
2197,62
2198,67
2199,66
2200,70
2201,56
2202,63
2203,70
2204,67
2205,67
2206,71
2207,62
2208,69
2209,68
2210,67
2211,76
2212,70
2213,65
2214,73
2215,67
2216,67
2217,68
2218,56
2219,65
2220,76
2221,65
2222,63
2223,65
2224,67
2225,76
2226,92
2227,102
2228,103
2229,103
2230,112
2231,82
2232,107
2233,95
2234,97
2235,81
2236,79
2237,105
2238,86
2239,74
2240,77
2241,74
2242,86
2243,121
2244,62
2245,76
2246,87
2247,82
2248,59
2249,83
2250,82
2251,65
2252,67
2253,71
2254,67
2255,579
2256,49
2257,77
2258,79
2259,68
2260,65
2261,93
2262,85
2263,61
2264,92
2265,68
2266,68
2267,62
2268,66
2269,88
2270,97
2271,67
2272,67
2273,90
2274,71
2275,54
2276,81
2277,80
2278,67
2279,78
2280,80
2281,70
2282,78
2283,93
2284,65
2285,66
2286,71
2287,70
2288,77
2289,66
2290,82
2291,66
2292,56
2293,64
2294,65
2295,85
2296,66
2297,90
2298,53
2299,75
2300,75
2301,66
2302,71
2303,94
2304,67
2305,52
2306,66
2307,63
2308,65
2309,56
2310,93
2311,69
2312,88
2313,67
2314,63
2315,79
2316,84
2317,68
2318,91
2319,79
2320,73
2321,76
2322,77
2323,69
2324,81
2325,67
2326,83
2327,63
2328,77
2329,66
2330,85
2331,75
2332,77
2333,98
2334,89
2335,65
2336,95
2337,79
2338,74
2339,72
2340,108
2341,127
2342,89
2343,72
2344,83
2345,72
2346,81
2347,78
2348,88
2349,66
2350,83
2351,104
2352,77
2353,87
2354,154
2355,76
2356,69
2357,76
2358,89
2359,87
2360,93
2361,92
2362,99
2363,54
2364,93
2365,85
2366,76
2367,46
2368,75
2369,94
2370,68
2371,69
2372,72
2373,71
2374,68
2375,67
2376,91
2377,76
2378,70
2379,64
2380,65
2381,104
2382,81
2383,66
2384,68
2385,107
2386,90
2387,72
2388,92
2389,80
2390,95
2391,72
2392,83
2393,95
2394,69
2395,79
2396,65
2397,75
2398,86
2399,74
2400,64
2401,63
2402,73
2403,80
2404,83
2405,66
2406,83
2407,79
2408,67
2409,86
2410,71
2411,75
2412,63
2413,71
2414,56
2415,66
2416,98
2417,68
2418,68
2419,77
2420,95
2421,70
2422,94
2423,87
2424,66
2425,76
2426,59
2427,68
2428,82
2429,65
2430,76
2431,93
2432,69
2433,79
2434,91
2435,102
2436,67
2437,90
2438,77
2439,80
2440,69
2441,77
2442,85
2443,75
2444,65
2445,106
2446,90
2447,83
2448,58
2449,93
2450,81
2451,65
2452,95
2453,69
2454,219
2455,69
2456,65
2457,201
2458,66
2459,66
2460,61
2461,69
2462,66
2463,72
2464,67
2465,76
2466,78
2467,66
2468,92
2469,80
2470,72
2471,69
2472,78
2473,101
2474,50
2475,65
2476,62
2477,83
2478,77
2479,73
2480,90
2481,89
2482,70
2483,75
2484,67
2485,65
2486,84
2487,66
2488,85
2489,72
2490,66
2491,61
2492,77
2493,63
2494,61
2495,100
2496,66
2497,78
2498,75
2499,68
2500,68
2501,77
2502,77
2503,69
2504,93
2505,68
2506,64
2507,75
2508,94
2509,96
2510,90
2511,74
2512,86
2513,64
2514,76
2515,64
2516,65
2517,106
2518,65
2519,58
2520,67
2521,57
2522,68
2523,74
2524,65
2525,74
2526,82
2527,67
2528,71
2529,146
2530,126
2531,64
2532,91
2533,72
2534,84
2535,99
2536,78
2537,108
2538,62
2539,79
2540,76
2541,66
2542,78
2543,75
2544,65
2545,73
2546,102
2547,86
2548,72
2549,72
2550,84
2551,61
2552,67
2553,94
2554,81
2555,62
2556,68
2557,83
2558,67
2559,72
2560,67
2561,89
2562,75
2563,88
2564,87
2565,67
2566,85
2567,80
2568,58
2569,96
2570,76
2571,89
2572,92
2573,70
2574,88
2575,69
2576,55
2577,61
2578,98
2579,67
2580,95
2581,88
2582,70
2583,88
2584,97
2585,74
2586,76
2587,65
2588,75
2589,73
2590,72
2591,61
2592,72
2593,82
2594,73
2595,82
2596,68
2597,77
2598,67
2599,93
2600,71
2601,76
2602,65
2603,63
2604,62
2605,70
2606,68
2607,72
2608,88
2609,52
2610,92
2611,78
2612,75
2613,107
2614,72
2615,97
2616,69
2617,87
2618,85
2619,75
2620,93
2621,103
2622,66
2623,84
2624,84
2625,63
2626,77
2627,94
2628,101
2629,114
2630,111
2631,110
2632,94
2633,84
2634,85
2635,67
2636,71
2637,72
2638,117
2639,80
2640,89
2641,95
2642,77
2643,131
2644,75
2645,64
2646,73
2647,72
2648,84
2649,85
2650,70
2651,129
2652,132
2653,73
2654,81
2655,92
2656,88
2657,70
2658,101
2659,165
2660,79
2661,87
2662,67
2663,78
2664,82
2665,66
2666,81
2667,90
2668,52
2669,81
2670,80
2671,65
2672,84
2673,87
2674,67
2675,65
2676,66
2677,64
2678,68
2679,76
2680,65
2681,63
2682,88
2683,69
2684,70
2685,85
2686,70
2687,77
2688,64
2689,66
2690,84
2691,81
2692,74
2693,72
2694,81
2695,58
2696,86
2697,72
2698,56
2699,81
2700,71
2701,87
2702,59
2703,65
2704,68
2705,67
2706,78
2707,70
2708,78
2709,71
2710,48
2711,74
2712,55
2713,68
2714,102
2715,81
2716,69
2717,82
2718,71
2719,68
2720,86
2721,89
2722,68
2723,61
2724,80
2725,89
2726,86
2727,77
2728,88
2729,69
2730,69
2731,80
2732,65
2733,102
2734,74
2735,78
2736,76
2737,64
2738,76
2739,82
2740,63
2741,65
2742,97
2743,87
2744,68
2745,92
2746,124
2747,106
2748,133
2749,109
2750,133
2751,87
2752,77
2753,95
2754,91
2755,110
2756,105
2757,95
2758,92
2759,79
2760,93
2761,90
2762,95
2763,76
2764,65
2765,76
2766,72
2767,77
2768,73
2769,92
2770,79
2771,86
2772,74
2773,70
2774,80
2775,91
2776,78
2777,99
2778,83
2779,212
2780,81
2781,80
2782,90
2783,59
2784,65
2785,90
2786,79
2787,68
2788,77
2789,104
2790,76
2791,105
2792,77
2793,75
2794,77
2795,77
2796,106
2797,66
2798,68
2799,77
2800,74
2801,69
2802,77
2803,76
2804,79
2805,69
2806,82
2807,61
2808,83
2809,72
2810,75
2811,70
2812,72
2813,84
2814,80
2815,79
2816,66
2817,73
2818,77
2819,70
2820,77
2821,67
2822,78
2823,72
2824,64
2825,68
2826,76
2827,74
2828,89
2829,95
2830,69
2831,96
2832,64
2833,101
2834,98
2835,69
2836,82
2837,81
2838,67
2839,81
2840,75
2841,68
2842,83
2843,77
2844,87
2845,82
2846,59
2847,72
2848,69
2849,72
2850,87
2851,113
2852,62
2853,90
2854,74
2855,79
2856,76
2857,64
2858,69
2859,72
2860,94
2861,63
2862,79
2863,115
2864,74
2865,71
2866,54
2867,80
2868,78
2869,66
2870,95
2871,89
2872,74
2873,91
2874,81
2875,58
2876,89
2877,82
2878,76
2879,90
2880,76
2881,62
2882,66
2883,62
2884,73
2885,66
2886,96
2887,76
2888,73
2889,75
2890,64
2891,69
2892,105
2893,87
2894,73
2895,57
2896,68
2897,66
2898,83
2899,89
2900,65
2901,84
2902,79
2903,92
2904,68
2905,82
2906,93
2907,72
2908,74
2909,81
2910,74
2911,99
2912,74
2913,86
2914,89
2915,67
2916,69
2917,73
2918,73
2919,70
2920,58
2921,77
2922,95
2923,61
2924,66
2925,81
2926,64
2927,77
2928,80
2929,75
2930,92
2931,261
2932,101
2933,94
2934,78
2935,74
2936,76
2937,71
2938,104
2939,74
2940,83
2941,68
2942,81
2943,79
2944,73
2945,92
2946,88
2947,70
2948,271
2949,119
2950,71
2951,76
2952,129
2953,94
2954,73
2955,99
2956,78
2957,80
2958,75
2959,71
2960,76
2961,78
2962,89
2963,76
2964,88
2965,202
2966,65
2967,66
2968,67
2969,75
2970,64
2971,103
2972,67
2973,91
2974,65
2975,78
2976,89
2977,70
2978,78
2979,97
2980,89
2981,69
2982,68
2983,79
2984,69
2985,88
2986,78
2987,65
2988,86
2989,77
2990,87
2991,60
2992,69
2993,63
2994,70
2995,86
2996,69
2997,73
2998,81
2999,85
3000,65
3001,82
3002,93
3003,79
3004,72
3005,79
3006,80
3007,64
3008,71
3009,69
3010,94
3011,183
3012,72
3013,72
3014,75
3015,75
3016,68
3017,88
3018,62
3019,89
3020,69
3021,68
3022,80
3023,72
3024,70
3025,76
3026,62
3027,94
3028,93
3029,72
3030,68
3031,96
3032,67
3033,89
3034,70
3035,71
3036,81
3037,74
3038,67
3039,68
3040,91
3041,72
3042,77
3043,74
3044,70
3045,103
3046,154
3047,76
3048,75
3049,73
3050,71
3051,84
3052,79
3053,77
3054,94
3055,75
3056,64
3057,78
3058,68
3059,110
3060,83
3061,67
3062,66
3063,78
3064,84
3065,63
3066,81
3067,80
3068,71
3069,69
3070,68
3071,70
3072,87
3073,87
3074,95
3075,95
3076,74
3077,90
3078,80
3079,72
3080,79
3081,75
3082,61
3083,83
3084,76
3085,75
3086,82
3087,73
3088,64
3089,72
3090,68
3091,85
3092,66
3093,67
3094,70
3095,57
3096,81
3097,69
3098,85
3099,65
3100,73
3101,71
3102,60
3103,76
3104,93
3105,63
3106,83
3107,78
3108,68
3109,91
3110,89
3111,66
3112,99
3113,82
3114,79
3115,94
3116,69
3117,69
3118,61
3119,68
3120,64
3121,477
3122,88
3123,62
3124,78
3125,91
3126,64
3127,182
3128,87
3129,83
3130,94
3131,94
3132,74
3133,81
3134,69
3135,68
3136,57
3137,78
3138,73
3139,72
3140,106
3141,94
3142,58
3143,101
3144,74
3145,81
3146,101
3147,69
3148,76
3149,95
3150,75
3151,87
3152,86
3153,85
3154,104
3155,49
3156,46
3157,70
3158,74
3159,96
3160,94
3161,82
3162,68
3163,86
3164,110
3165,74
3166,78
3167,80
3168,72
3169,77
3170,67
3171,78
3172,75
3173,72
3174,75
3175,71
3176,72
3177,87
3178,70
3179,89
3180,85
3181,79
3182,89
3183,100
3184,74
3185,77
3186,73
3187,73
3188,74
3189,92
3190,74
3191,79
3192,68
3193,66
3194,64
3195,80
3196,98
3197,74
3198,83
3199,94
3200,68
3201,79
3202,63
3203,77
3204,70
3205,70
3206,85
3207,93
3208,57
3209,99
3210,75
3211,92
3212,68
3213,93
3214,72
3215,87
3216,66
3217,98
3218,73
3219,87
3220,88
3221,64
3222,77
3223,80
3224,84
3225,56
3226,93
3227,91
3228,77
3229,98
3230,67
3231,60
3232,62
3233,81
3234,105
3235,65
3236,66
3237,100
3238,91
3239,103
3240,105
3241,98
3242,73
3243,105
3244,77
3245,71
3246,75
3247,74
3248,67
3249,84
3250,76
3251,100
3252,68
3253,80
3254,84
3255,78
3256,86
3257,73
3258,70
3259,93
3260,64
3261,71
3262,73
3263,77
3264,68
3265,85
3266,77
3267,70
3268,88
3269,60
3270,61
3271,79
3272,86
3273,94
3274,69
3275,86
3276,76
3277,68
3278,77
3279,78
3280,89
3281,66
3282,60
3283,84
3284,81
3285,68
3286,87
3287,81
3288,63
3289,87
3290,96
3291,76
3292,91
3293,76
3294,70
3295,108
3296,94
3297,68
3298,81
3299,85
3300,62
3301,86
3302,83
3303,77
3304,123
3305,66
3306,74
3307,108
3308,75
3309,85
3310,57
3311,64
3312,78
3313,67
3314,70
3315,71
3316,72
3317,69
3318,69
3319,73
3320,62
3321,78
3322,91
3323,78
3324,75
3325,69
3326,66
3327,101
3328,69
3329,78
3330,71
3331,93
3332,87
3333,81
3334,57
3335,98
3336,90
3337,82
3338,77
3339,72
3340,85
3341,82
3342,89
3343,103
3344,69
3345,85
3346,90
3347,74
3348,86
3349,94
3350,62
3351,84
3352,64
3353,73
3354,64
3355,105
3356,78
3357,80
3358,92
3359,113
3360,103
3361,99
3362,71
3363,92
3364,91
3365,79
3366,68
3367,70
3368,72
3369,81
3370,87
3371,75
3372,68
3373,79
3374,78
3375,102
3376,89
3377,79
3378,77
3379,100
3380,78
3381,79
3382,66
3383,89
3384,59
3385,91
3386,91
3387,70
3388,91
3389,88
3390,70
3391,90
3392,64
3393,74
3394,65
3395,78
3396,100
3397,96
3398,73
3399,87
3400,77
3401,77
3402,83
3403,95
3404,72
3405,84
3406,85
3407,71
3408,73
3409,78
3410,78
3411,91
3412,72
3413,80
3414,80
3415,73
3416,102
3417,75
3418,86
3419,121
3420,104
3421,111
3422,109
3423,73
3424,85
3425,83
3426,96
3427,85
3428,73
3429,87
3430,132
3431,135
3432,78
3433,105
3434,80
3435,80
3436,67
3437,76
3438,101
3439,72
3440,98
3441,74
3442,168
3443,96
3444,74
3445,79
3446,100
3447,97
3448,96
3449,88
3450,73
3451,68
3452,78
3453,69
3454,87
3455,98
3456,65
3457,88
3458,92
3459,70
3460,86
3461,77
3462,78
3463,75
3464,68
3465,76
3466,74
3467,70
3468,76
3469,68
3470,82
3471,71
3472,90
3473,78
3474,64
3475,88
3476,66
3477,80
3478,80
3479,66
3480,83
3481,91
3482,62
3483,91
3484,93
3485,76
3486,64
3487,79
3488,96
3489,68
3490,81
3491,82
3492,61
3493,93
3494,84
3495,78
3496,88
3497,79
3498,72
3499,86
3500,102
3501,66
3502,93
3503,77
3504,71
3505,72
3506,74
3507,83
3508,76
3509,96
3510,60
3511,69
3512,78
3513,86
3514,69
3515,69
3516,69
3517,85
3518,96
3519,78
3520,82
3521,102
3522,59
3523,64
3524,55
3525,75
3526,73
3527,73
3528,83
3529,84
3530,70
3531,106
3532,105
3533,111
3534,109
3535,89
3536,79
3537,59
3538,72
3539,72
3540,96
3541,81
3542,112
3543,79
3544,140
3545,62
3546,93
3547,99
3548,68
3549,78
3550,94
3551,96
3552,62
3553,88
3554,93
3555,61
3556,69
3557,74
3558,66
3559,72
3560,80
3561,84
3562,77
3563,75
3564,76
3565,99
3566,74
3567,83
3568,103
3569,83
3570,106
3571,91
3572,75
3573,100
3574,90
3575,82
3576,101
3577,79
3578,92
3579,281
3580,98
3581,78
3582,65
3583,73
3584,83
3585,74
3586,75
3587,73
3588,79
3589,79
3590,58
3591,94
3592,79
3593,65
3594,85
3595,77
3596,96
3597,84
3598,69
3599,98
3600,72
3601,90
3602,86
3603,94
3604,108
3605,98
3606,93
3607,83
3608,72
3609,93
3610,83
3611,88
3612,67
3613,75
3614,78
3615,66
3616,74
3617,89
3618,79
3619,76
3620,77
3621,73
3622,75
3623,64
3624,104
3625,78
3626,61
3627,73
3628,91
3629,71
3630,78
3631,109
3632,75
3633,99
3634,104
3635,99
3636,75
3637,84
3638,88
3639,63
3640,74
3641,107
3642,98
3643,101
3644,109
3645,65
3646,95
3647,81
3648,84
3649,95
3650,97
3651,82
3652,76
3653,81
3654,68
3655,90
3656,70
3657,87
3658,93
3659,75
3660,87
3661,75
3662,70
3663,90
3664,92
3665,61
3666,80
3667,68
3668,62
3669,81
3670,65
3671,89
3672,78
3673,77
3674,73
3675,80
3676,67
3677,79
3678,71
3679,72
3680,93
3681,78
3682,70
3683,71
3684,62
3685,63
3686,57
3687,110
3688,65
3689,80
3690,93
3691,76
3692,90
3693,67
3694,91
3695,109
3696,71
3697,76
3698,75
3699,78
3700,81
3701,64
3702,95
3703,97
3704,65
3705,87
3706,97
3707,76
3708,71
3709,85
3710,77
3711,71
3712,75
3713,84
3714,63
3715,74
3716,95
3717,76
3718,74
3719,69
3720,87
3721,72
3722,95
3723,73
3724,89
3725,70
3726,82
3727,79
3728,73
3729,73
3730,85
3731,79
3732,67
3733,75
3734,93
3735,66
3736,66
3737,77
3738,85
3739,84
3740,76
3741,95
3742,85
3743,92
3744,64
3745,82
3746,96
3747,69
3748,71
3749,80
3750,93
3751,93
3752,74
3753,70
3754,72
3755,63
3756,98
3757,66
3758,82
3759,64
3760,78
3761,91
3762,78
3763,84
3764,95
3765,96
3766,73
3767,99
3768,70
3769,83
3770,98
3771,65
3772,81
3773,69
3774,90
3775,81
3776,86
3777,82
3778,75
3779,81
3780,69
3781,70
3782,100
3783,97
3784,76
3785,87
3786,78
3787,75
3788,91
3789,76
3790,83
3791,65
3792,64
3793,73
3794,72
3795,70
3796,74
3797,92
3798,79
3799,76
3800,75
3801,75
3802,75
3803,74
3804,75
3805,72
3806,85
3807,88
3808,100
3809,41
3810,71
3811,63
3812,66
3813,81
3814,62
3815,82
3816,73
3817,70
3818,78
3819,94
3820,72
3821,74
3822,91
3823,76
3824,93
3825,87
3826,78
3827,84
3828,75
3829,79
3830,78
3831,89
3832,74
3833,82
3834,94
3835,70
3836,95
3837,96
3838,66
3839,119
3840,123
3841,113
3842,91
3843,74
3844,503
3845,204
3846,70
3847,74
3848,73
3849,89
3850,90
3851,74
3852,67
3853,68
3854,79
3855,82
3856,72
3857,78
3858,75
3859,93
3860,82
3861,74
3862,103
3863,176
3864,66
3865,84
3866,92
3867,67
3868,82
3869,71
3870,74
3871,90
3872,88
3873,62
3874,66
3875,75
3876,72
3877,64
3878,63
3879,74
3880,79
3881,106
3882,72
3883,66
3884,74
3885,62
3886,71
3887,69
3888,80
3889,78
3890,96
3891,74
3892,115
3893,145
3894,95
3895,97
3896,61
3897,73
3898,75
3899,70
3900,65
3901,101
3902,64
3903,77
3904,66
3905,68
3906,71
3907,55
3908,84
3909,72
3910,77
3911,78
3912,60
3913,66
3914,74
3915,77
3916,66
3917,116
3918,97
3919,71
3920,88
3921,339
3922,60
3923,87
3924,89
3925,74
3926,86
3927,78
3928,84
3929,117
3930,93
3931,99
3932,70
3933,93
3934,94
3935,76
3936,69
3937,95
3938,89
3939,70
3940,97
3941,68
3942,84
3943,89
3944,110
3945,133
3946,124
3947,120
3948,118
3949,136
3950,138
3951,265
3952,92
3953,90
3954,115
3955,78
3956,69
3957,81
3958,83
3959,81
3960,88
3961,167
3962,145
3963,109
3964,66
3965,77
3966,74
3967,78
3968,67
3969,80
3970,113
3971,122
3972,89
3973,73
3974,92
3975,96
3976,74
3977,81
3978,100
3979,95
3980,75
3981,85
3982,87
3983,77
3984,86
3985,83
3986,71
3987,102
3988,87
3989,92
3990,101
3991,77
3992,77
3993,75
3994,64
3995,81
3996,68
3997,71
3998,81
3999,405
4000,64
4001,77
4002,76
4003,71
4004,104
4005,77
4006,95
4007,69
4008,120
4009,109
4010,101
4011,77
4012,82
4013,91
4014,77
4015,89
4016,116
4017,97
4018,81
4019,101
4020,76
4021,65
4022,84
4023,80
4024,77
4025,64
4026,65
4027,111
4028,72
4029,89
4030,98
4031,104
4032,94
4033,64
4034,92
4035,82
4036,76
4037,79
4038,90
4039,89
4040,98
4041,68
4042,72
4043,87
4044,67
4045,87
4046,132
4047,89
4048,81
4049,81
4050,69
4051,89
4052,136
4053,108
4054,107
4055,73
4056,78
4057,109
4058,71
4059,72
4060,93
4061,106
4062,72
4063,147
4064,63
4065,90
4066,94
4067,109
4068,112
4069,108
4070,82
4071,88
4072,98
4073,88
4074,80
4075,90
4076,60
4077,76
4078,107
4079,72
4080,68
4081,136
4082,66
4083,97
4084,98
4085,263
4086,61
4087,80
4088,74
4089,78
4090,70
4091,77
4092,79
4093,80
4094,77
4095,75
4096,72
4097,76
4098,67
4099,94
4100,94
4101,72
4102,86
4103,77
4104,73
4105,75
4106,72
4107,83
4108,63
4109,97
4110,111
4111,134
4112,69
4113,71
4114,79
4115,79
4116,89
4117,60
4118,89
4119,84
4120,92
4121,73
4122,89
4123,108
4124,75
4125,60
4126,74
4127,70
4128,66
4129,77
4130,70
4131,73
4132,102
4133,69
4134,78
4135,70
4136,79
4137,161
4138,96
4139,93
4140,70
4141,82
4142,84
4143,79
4144,108
4145,93
4146,68
4147,67
4148,79
4149,74
4150,72
4151,72
4152,82
4153,76
4154,126
4155,81
4156,69
4157,71
4158,82
4159,101
4160,94
4161,106
4162,86
4163,133
4164,100
4165,102
4166,74
4167,56
4168,71
4169,70
4170,80
4171,70
4172,94
4173,97
4174,70
4175,85
4176,92
4177,78
4178,84
4179,134
4180,76
4181,79
4182,95
4183,72
4184,92
4185,91
4186,93
4187,74
4188,89
4189,93
4190,68
4191,83
4192,78
4193,80
4194,2082
4195,103
4196,105
4197,86
4198,71
4199,82
4200,87
4201,85
4202,72
4203,69
4204,62
4205,73
4206,77
4207,65
4208,84
4209,100
4210,73
4211,76
4212,75
4213,78
4214,90
4215,68
4216,94
4217,80
4218,75
4219,66
4220,67
4221,81
4222,75
4223,76
4224,79
4225,82
4226,100
4227,73
4228,74
4229,72
4230,84
4231,75
4232,83
4233,77
4234,68
4235,106
4236,80
4237,80
4238,77
4239,94
4240,180
4241,65
4242,90
4243,63
4244,63
4245,79
4246,72
4247,71
4248,79
4249,94
4250,72
4251,78
4252,79
4253,76
4254,90
4255,100
4256,94
4257,79
4258,150
4259,92
4260,80
4261,80
4262,92
4263,96
4264,92
4265,79
4266,69
4267,244
4268,81
4269,99
4270,67
4271,86
4272,62
4273,77
4274,69
4275,73
4276,93
4277,79
4278,77
4279,72
4280,86
4281,62
4282,78
4283,112
4284,71
4285,81
4286,81
4287,108
4288,67
4289,78
4290,85
4291,75
4292,95
4293,97
4294,74
4295,86
4296,68
4297,65
4298,83
4299,73
4300,94
4301,68
4302,76
4303,76
4304,60
4305,68
4306,76
4307,86
4308,67
4309,59
4310,65
4311,81
4312,64
4313,93
4314,100
4315,75
4316,75
4317,84
4318,94
4319,66
4320,79
4321,75
4322,72
4323,96
4324,75
4325,80
4326,85
4327,98
4328,69
4329,91
4330,172
4331,84
4332,81
4333,70
4334,77
4335,73
4336,86
4337,89
4338,70
4339,83
4340,76
4341,86
4342,79
4343,84
4344,75
4345,66
4346,93
4347,80
4348,64
4349,83
4350,76
4351,78
4352,102
4353,74
4354,77
4355,63
4356,59
4357,94
4358,78
4359,85
4360,98
4361,102
4362,80
4363,86
4364,105
4365,66
4366,72
4367,102
4368,71
4369,87
4370,134
4371,68
4372,81
4373,85
4374,85
4375,117
4376,94
4377,103
4378,125
4379,150
4380,88
4381,78
4382,95
4383,91
4384,70
4385,77
4386,73
4387,110
4388,64
4389,81
4390,432
4391,66
4392,83
4393,91
4394,82
4395,89
4396,94
4397,76
4398,89
4399,89
4400,79
4401,81
4402,75
4403,81
4404,76
4405,98
4406,82
4407,108
4408,74
4409,91
4410,73
4411,84
4412,75
4413,71
4414,71
4415,80
4416,84
4417,82
4418,94
4419,81
4420,73
4421,87
4422,71
4423,90
4424,75
4425,79
4426,76
4427,70
4428,76
4429,67
4430,79
4431,92
4432,72
4433,83
4434,83
4435,99
4436,74
4437,84
4438,92
4439,73
4440,98
4441,74
4442,76
4443,98
4444,66
4445,103
4446,71
4447,70
4448,71
4449,83
4450,72
4451,81
4452,102
4453,76
4454,77
4455,84
4456,79
4457,82
4458,83
4459,96
4460,81
4461,95
4462,106
4463,72
4464,71
4465,50
4466,83
4467,62
4468,78
4469,96
4470,74
4471,70
4472,71
4473,81
4474,70
4475,76
4476,97
4477,76
4478,62
4479,82
4480,80
4481,98
4482,65
4483,86
4484,90
4485,100
4486,74
4487,73
4488,81
4489,77
4490,69
4491,87
4492,106
4493,93
4494,70
4495,92
4496,93
4497,75
4498,93
4499,74
4500,57
4501,80
4502,76
4503,89
4504,64
4505,75
4506,69
4507,69
4508,77
4509,78
4510,286
4511,450
4512,85
4513,66
4514,79
4515,86
4516,72
4517,90
4518,62
4519,78
4520,64
4521,74
4522,73
4523,75
4524,74
4525,62
4526,60
4527,83
4528,73
4529,76
4530,68
4531,77
4532,68
4533,76
4534,108
4535,75
4536,58
4537,67
4538,66
4539,66
4540,75
4541,73
4542,54
4543,106
4544,113
4545,102
4546,141
4547,79
4548,86
4549,69
4550,66
4551,85
4552,70
4553,78
4554,103
4555,79
4556,84
4557,80
4558,67
4559,63
4560,84
4561,82
4562,84
4563,97
4564,91
4565,103
4566,73
4567,94
4568,91
4569,78
4570,85
4571,81
4572,69
4573,117
4574,75
4575,72
4576,99
4577,96
4578,83
4579,76
4580,83
4581,84
4582,66
4583,73
4584,77
4585,103
4586,81
4587,72
4588,75
4589,94
4590,101
4591,96
4592,71
4593,82
4594,75
4595,84
4596,80
4597,66
4598,85
4599,90
4600,80
4601,67
4602,80
4603,91
4604,111
4605,93
4606,94
4607,73
4608,67
4609,56
4610,96
4611,194
4612,97
4613,101
4614,81
4615,111
4616,75
4617,81
4618,69
4619,84
4620,67
4621,113
4622,92
4623,194
4624,70
4625,110
4626,80
4627,92
4628,96
4629,102
4630,62
4631,93
4632,93
4633,77
4634,83
4635,56
4636,68
4637,76
4638,80
4639,77
4640,87
4641,82
4642,62
4643,84
4644,2205
4645,89
4646,101
4647,77
4648,88
4649,79
4650,76
4651,84
4652,75
4653,70
4654,83
4655,80
4656,91
4657,78
4658,96
4659,75
4660,77
4661,81
4662,70
4663,82
4664,60
4665,90
4666,75
4667,89
4668,84
4669,79
4670,72
4671,79
4672,71
4673,71
4674,96
4675,75
4676,74
4677,80
4678,88
4679,78
4680,91
4681,80
4682,73
4683,76
4684,77
4685,74
4686,68
4687,108
4688,78
4689,63
4690,76
4691,71
4692,74
4693,67
4694,72
4695,76
4696,107
4697,98
4698,76
4699,77
4700,88
4701,91
4702,67
4703,74
4704,96
4705,77
4706,87
4707,67
4708,79
4709,76
4710,73
4711,98
4712,77
4713,73
4714,76
4715,76
4716,78
4717,59
4718,76
4719,75
4720,99
4721,68
4722,77
4723,71
4724,75
4725,95
4726,104
4727,115
4728,92
4729,81
4730,76
4731,301
4732,99
4733,93
4734,69
4735,109
4736,96
4737,72
4738,71
4739,90
4740,88
4741,519
4742,67
4743,76
4744,83
4745,72
4746,84
4747,84
4748,78
4749,70
4750,64
4751,76
4752,85
4753,88
4754,54
4755,68
4756,96
4757,100
4758,93
4759,95
4760,95
4761,79
4762,84
4763,95
4764,71
4765,78
4766,104
4767,78
4768,77
4769,69
4770,90
4771,73
4772,74
4773,51
4774,76
4775,110
4776,81
4777,82
4778,101
4779,107
4780,63
4781,90
4782,93
4783,74
4784,92
4785,88
4786,81
4787,83
4788,77
4789,98
4790,102
4791,101
4792,58
4793,84
4794,80
4795,83
4796,90
4797,68
4798,98
4799,62
4800,81
4801,82
4802,73
4803,81
4804,66
4805,93
4806,80
4807,550
4808,82
4809,72
4810,85
4811,70
4812,101
4813,86
4814,76
4815,87
4816,77
4817,81
4818,75
4819,97
4820,75
4821,59
4822,76
4823,82
4824,69
4825,84
4826,91
4827,89
4828,71
4829,71
4830,67
4831,114
4832,79
4833,59
4834,73
4835,83
4836,74
4837,75
4838,108
4839,77
4840,80
4841,78
4842,168
4843,102
4844,72
4845,84
4846,81
4847,107
4848,83
4849,78
4850,102
4851,73
4852,63
4853,94
4854,90
4855,78
4856,76
4857,82
4858,82
4859,92
4860,80
4861,77
4862,94
4863,76
4864,97
4865,89
4866,74
4867,96
4868,96
4869,68
4870,95
4871,69
4872,81
4873,58
4874,76
4875,103
4876,98
4877,100
4878,85
4879,73
4880,87
4881,92
4882,78
4883,95
4884,71
4885,80
4886,77
4887,74
4888,74
4889,65
4890,85
4891,82
4892,75
4893,66
4894,72
4895,75
4896,65
4897,85
4898,69
4899,75
4900,92
4901,101
4902,59
4903,78
4904,80
4905,73
4906,89
4907,95
4908,68
4909,84
4910,66
4911,82
4912,68
4913,74
4914,78
4915,77
4916,74
4917,76
4918,73
4919,75
4920,72
4921,91
4922,82
4923,85
4924,72
4925,82
4926,82
4927,71
4928,65
4929,92
4930,96
4931,78
4932,87
4933,102
4934,187
4935,84
4936,83
4937,103
4938,106
4939,69
4940,97
4941,68
4942,65
4943,98
4944,81
4945,89
4946,69
4947,73
4948,67
4949,82
4950,105
4951,95
4952,64
4953,86
4954,110
4955,116
4956,105
4957,97
4958,81
4959,92
4960,95
4961,70
4962,81
4963,73
4964,86
4965,78
4966,92
4967,92
4968,71
4969,91
4970,88
4971,99
4972,71
4973,87
4974,86
4975,64
4976,77
4977,77
4978,78
4979,93
4980,96
4981,67
4982,88
4983,106
4984,80
4985,91
4986,75
4987,93
4988,92
4989,107
4990,97
4991,76
4992,73
4993,92
4994,100
4995,98
4996,80
4997,64
4998,108
4999,104
5000,80
5001,86
5002,109
5003,95
5004,74
5005,118
5006,64
5007,97
5008,71
5009,70
5010,109
5011,115
5012,97
5013,127
5014,96
5015,101
5016,76
5017,61
5018,76
5019,239
5020,94
5021,74
5022,77
5023,102
5024,69
5025,99
5026,95
5027,88
5028,79
5029,61
5030,67
5031,97
5032,69
5033,80
5034,94
5035,127
5036,82
5037,82
5038,107
5039,85
5040,79
5041,98
5042,100
5043,89
5044,76
5045,101
5046,75
5047,103
5048,71
5049,77
5050,96
5051,85
5052,82
5053,120
5054,76
5055,64
5056,80
5057,74
5058,65
5059,75
5060,119
5061,72
5062,79
5063,72
5064,62
5065,86
5066,81
5067,111
5068,103
5069,110
5070,102
5071,73
5072,85
5073,69
5074,81
5075,71
5076,75
5077,96
5078,73
5079,86
5080,94
5081,97
5082,66
5083,101
5084,97
5085,67
5086,100
5087,79
5088,67
5089,91
5090,81
5091,75
5092,69
5093,80
5094,67
5095,79
5096,70
5097,93
5098,82
5099,74
5100,95
5101,76
5102,72
5103,68
5104,97
5105,86
5106,74
5107,84
5108,80
5109,83
5110,72
5111,94
5112,88
5113,65
5114,74
5115,87
5116,98
5117,84
5118,96
5119,86
5120,94
5121,91
5122,86
5123,82
5124,96
5125,105
5126,92
5127,76
5128,89
5129,369
5130,94
5131,82
5132,72
5133,82
5134,88
5135,94
5136,91
5137,90
5138,81
5139,94
5140,115
5141,96
5142,97
5143,107
5144,79
5145,91
5146,70
5147,97
5148,71
5149,94
5150,67
5151,96
5152,97
5153,89
5154,71
5155,90
5156,62
5157,70
5158,98
5159,107
5160,85
5161,85
5162,81
5163,84
5164,102
5165,67
5166,96
5167,103
5168,95
5169,71
5170,95
5171,80
5172,103
5173,97
5174,77
5175,84
5176,95
5177,89
5178,64
5179,94
5180,62
5181,99
5182,68
5183,85
5184,101
5185,97
5186,74
5187,106
5188,76
5189,92
5190,87
5191,94
5192,82
5193,100
5194,79
5195,86
5196,102
5197,78
5198,92
5199,102
5200,121
5201,102
5202,106
5203,125
5204,99
5205,70
5206,92
5207,101
5208,78
5209,84
5210,99
5211,90
5212,95
5213,102
5214,98
5215,79
5216,81
5217,71
5218,80
5219,88
5220,76
5221,97
5222,168
5223,80
5224,91
5225,98
5226,73
5227,92
5228,75
5229,88
5230,79
5231,102
5232,80
5233,88
5234,103
5235,83
5236,75
5237,102
5238,71
5239,97
5240,92
5241,64
5242,95
5243,96
5244,92
5245,78
5246,87
5247,78
5248,81
5249,62
5250,86
5251,84
5252,71
5253,102
5254,73
5255,102
5256,124
5257,71
5258,85
5259,82
5260,97
5261,102
5262,67
5263,68
5264,71
5265,72
5266,63
5267,65
5268,61
5269,75
5270,61
5271,76
5272,72
5273,75
5274,67
5275,72
5276,69
5277,75
5278,68
5279,68
5280,66
5281,263
5282,63
5283,59
5284,70
5285,75
5286,73
5287,64
5288,71
5289,68
5290,73
5291,68
5292,70
5293,65
5294,76
5295,66
5296,79
5297,80
5298,78
5299,72
5300,78
5301,70
5302,56
5303,75
5304,70
5305,68
5306,71
5307,73
5308,62
5309,70
5310,81
5311,49
5312,70
5313,62
5314,67
5315,72
5316,71
5317,68
5318,72
5319,77
5320,72
5321,69
5322,70
5323,77
5324,74
5325,68
5326,69
5327,67
5328,61
5329,71
5330,69
5331,74
5332,71
5333,73
5334,72
5335,71
5336,70
5337,66
5338,65
5339,82
5340,79
5341,66
5342,67
5343,274
5344,71
5345,69
5346,68
5347,67
5348,67
5349,73
5350,68
5351,73
5352,60
5353,68
5354,85
5355,68
5356,71
5357,68
5358,66
5359,67
5360,75
5361,67
5362,77
5363,74
5364,75
5365,73
5366,72
5367,73
5368,66
5369,75
5370,69
5371,67
5372,71
5373,63
5374,69
5375,97
5376,106
5377,65
5378,74
5379,72
5380,71
5381,74
5382,70
5383,73
5384,78
5385,86
5386,71
5387,76
5388,92
5389,76
5390,104
5391,117
5392,118
5393,122
5394,113
5395,134
5396,117
5397,110
5398,75
5399,75
5400,63
5401,78
5402,70
5403,64
5404,90
5405,67
5406,264
5407,66
5408,64
5409,60
5410,77
5411,69
5412,73
5413,67
5414,66
5415,71
5416,75
5417,73
5418,71
5419,99
5420,67
5421,77
5422,68
5423,63
5424,62
5425,70
5426,70
5427,69
5428,77
5429,76
5430,70
5431,75
5432,72
5433,71
5434,58
5435,56
5436,70
5437,62
5438,67
5439,74
5440,64
5441,66
5442,69
5443,75
5444,74
5445,77
5446,63
5447,68
5448,71
5449,67
5450,73
5451,69
5452,69
5453,72
5454,72
5455,76
5456,67
5457,75
5458,83
5459,67
5460,72
5461,80
5462,74
5463,70
5464,70
5465,73
5466,71
5467,71
5468,76
5469,83
5470,66
5471,71
5472,69
5473,66
5474,70
5475,72
5476,74
5477,78
5478,61
5479,70
5480,69
5481,68
5482,53
5483,69
5484,64
5485,70
5486,64
5487,73
5488,69
5489,73
5490,70
5491,70
5492,73
5493,68
5494,67
5495,67
5496,69
5497,70
5498,70
5499,140
5500,71
5501,67
5502,52
5503,70
5504,67
5505,71
5506,75
5507,67
5508,72
5509,70
5510,74
5511,79
5512,150
5513,84
5514,230
5515,1124
5516,111
5517,78
5518,106
5519,105
5520,73
5521,73
5522,81
5523,68
5524,66
5525,73
5526,67
5527,65
5528,71
5529,70
5530,72
5531,67
5532,62
5533,66
5534,67
5535,66
5536,66
5537,70
5538,68
5539,70
5540,65
5541,68
5542,66
5543,67
5544,73
5545,69
5546,67
5547,53
5548,70
5549,69
5550,66
5551,76
5552,79
5553,66
5554,76
5555,69
5556,69
5557,56
5558,72
5559,66
5560,71
5561,71
5562,74
5563,74
5564,71
5565,73
5566,73
5567,77
5568,65
5569,75
5570,74
5571,76
5572,67
5573,77
5574,68
5575,68
5576,70
5577,83
5578,68
5579,75
5580,64
5581,66
5582,103
5583,108
5584,117
5585,87
5586,77
5587,77
5588,85
5589,72
5590,71
5591,76
5592,77
5593,73
5594,76
5595,75
5596,65
5597,75
5598,66
5599,76
5600,69
5601,71
5602,62
5603,65
5604,70
5605,80
5606,73
5607,68
5608,69
5609,71
5610,65
5611,84
5612,73
5613,76
5614,73
5615,74
5616,95
5617,65
5618,74
5619,68
5620,69
5621,66
5622,72
5623,71
5624,68
5625,72
5626,74
5627,50
5628,71
5629,67
5630,71
5631,73
5632,68
5633,77
5634,65
5635,69
5636,69
5637,77
5638,72
5639,64
5640,80
5641,71
5642,73
5643,73
5644,74
5645,74
5646,73
5647,64
5648,70
5649,75
5650,68
5651,69
5652,76
5653,70
5654,71
5655,71
5656,69
5657,69
5658,72
5659,75
5660,75
5661,66
5662,79
5663,74
5664,70
5665,67
5666,70
5667,73
5668,76
5669,63
5670,65
5671,70
5672,65
5673,74
5674,67
5675,71
5676,73
5677,72
5678,68
5679,73
5680,66
5681,89
5682,75
5683,70
5684,69
5685,66
5686,71
5687,67
5688,77
5689,58
5690,66
5691,69
5692,75
5693,71
5694,69
5695,74
5696,65
5697,68
5698,62
5699,70
5700,65
5701,74
5702,79
5703,90
5704,82
5705,62
5706,69
5707,67
5708,72
5709,76
5710,75
5711,69
5712,72
5713,72
5714,70
5715,71
5716,79
5717,68
5718,73
5719,70
5720,70
5721,77
5722,67
5723,65
5724,69
5725,76
5726,72
5727,70
5728,77
5729,68
5730,71
5731,68
5732,70
5733,73
5734,69
5735,78
5736,71
5737,71
5738,70
5739,73
5740,68
5741,68
5742,70
5743,76
5744,72
5745,67
5746,72
5747,73
5748,71
5749,253
5750,89
5751,71
5752,70
5753,76
5754,68
5755,69
5756,76
5757,67
5758,73
5759,60
5760,68
5761,66
5762,56
5763,65
5764,68
5765,69
5766,72
5767,77
5768,70
5769,68
5770,75
5771,66
5772,76
5773,64
5774,70
5775,69
5776,75
5777,70
5778,77
5779,73
5780,73
5781,71
5782,78
5783,73
5784,60
5785,67
5786,67
5787,78
5788,74
5789,74
5790,82
5791,74
5792,73
5793,78
5794,84
5795,61
5796,69
5797,73
5798,75
5799,68
5800,75
5801,103
5802,105
5803,111
5804,74
5805,70
5806,74
5807,70
5808,65
5809,68
5810,74
5811,75
5812,73
5813,71
5814,111
5815,89
5816,78
5817,64
5818,72
5819,71
5820,74
5821,76
5822,74
5823,72
5824,117
5825,93
5826,74
5827,74
5828,69
5829,71
5830,67
5831,69
5832,69
5833,63
5834,74
5835,69
5836,70
5837,61
5838,71
5839,68
5840,73
5841,72
5842,76
5843,76
5844,70
5845,69
5846,63
5847,66
5848,67
5849,69
5850,73
5851,68
5852,60
5853,72
5854,70
5855,65
5856,69
5857,72
5858,58
5859,72
5860,75
5861,70
5862,69
5863,74
5864,75
5865,72
5866,71
5867,74
5868,64
5869,70
5870,73
5871,72
5872,73
5873,74
5874,72
5875,72
5876,72
5877,76
5878,68
5879,64
5880,64
5881,77
5882,74
5883,76
5884,69
5885,66
5886,73
5887,74
5888,72
5889,70
5890,78
5891,56
5892,83
5893,72
5894,69
5895,67
5896,66
5897,69
5898,75
5899,68
5900,72
5901,74
5902,64
5903,69
5904,71
5905,341
5906,72
5907,66
5908,68
5909,60
5910,68
5911,70
5912,60
5913,73
5914,70
5915,66
5916,67
5917,165
5918,74
5919,70
5920,66
5921,66
5922,73
5923,81
5924,68
5925,66
5926,69
5927,74
5928,71
5929,69
5930,77
5931,69
5932,71
5933,63
5934,69
5935,67
5936,61
5937,72
5938,70
5939,68
5940,68
5941,67
5942,71
5943,66
5944,60
5945,63
5946,64
5947,67
5948,70
5949,75
5950,66
5951,66
5952,72
5953,68
5954,67
5955,74
5956,69
5957,69
5958,76
5959,70
5960,66
5961,61
5962,68
5963,62
5964,61
5965,73
5966,67
5967,63
5968,77
5969,64
5970,66
5971,74
5972,71
5973,54
5974,70
5975,79
5976,72
5977,75
5978,69
5979,51
5980,71
5981,72
5982,67
5983,63
5984,86
5985,82
5986,86
5987,63
5988,74
5989,76
5990,73
5991,72
5992,72
5993,82
5994,69
5995,71
5996,71
5997,71
5998,68
5999,77
6000,97
6001,117
6002,98
6003,69
6004,73
6005,73
6006,68
6007,75
6008,80
6009,78
6010,100
6011,184
6012,81
6013,79
6014,67
6015,70
6016,68
6017,69
6018,71
6019,72
6020,60
6021,69
6022,76
6023,63
6024,75
6025,67
6026,73
6027,66
6028,72
6029,73
6030,202
6031,69
6032,65
6033,71
6034,70
6035,73
6036,72
6037,78
6038,77
6039,73
6040,73
6041,74
6042,77
6043,72
6044,65
6045,70
6046,75
6047,62
6048,68
6049,63
6050,83
6051,87
6052,72
6053,77
6054,71
6055,69
6056,63
6057,77
6058,50
6059,72
6060,66
6061,65
6062,67
6063,72
6064,70
6065,67
6066,70
6067,64
6068,69
6069,63
6070,68
6071,68
6072,66
6073,72
6074,70
6075,77
6076,59
6077,73
6078,68
6079,72
6080,84
6081,77
6082,68
6083,70
6084,70
6085,68
6086,71
6087,72
6088,71
6089,80
6090,70
6091,75
6092,74
6093,72
6094,71
6095,67
6096,75
6097,64
6098,70
6099,69
6100,72
6101,70
6102,54
6103,100
6104,74
6105,72
6106,73
6107,74
6108,80
6109,65
6110,65
6111,62
6112,62
6113,63
6114,72
6115,70
6116,78
6117,81
6118,74
6119,71
6120,72
6121,83
6122,69
6123,82
6124,73
6125,68
6126,67
6127,65
6128,69
6129,79
6130,68
6131,81
6132,69
6133,78
6134,68
6135,69
6136,69
6137,68
6138,71
6139,78
6140,66
6141,71
6142,72
6143,69
6144,72
6145,72
6146,74
6147,74
6148,81
6149,70
6150,78
6151,70
6152,64
6153,66
6154,69
6155,72
6156,74
6157,71
6158,68
6159,67
6160,66
6161,71
6162,76
6163,92
6164,68
6165,72
6166,72
6167,69
6168,68
6169,69
6170,71
6171,68
6172,69
6173,79
6174,71
6175,64
6176,71
6177,67
6178,78
6179,72
6180,66
6181,70
6182,75
6183,68
6184,73
6185,72
6186,77
6187,75
6188,66
6189,77
6190,71
6191,70
6192,71
6193,71
6194,71
6195,64
6196,74
6197,82
6198,66
6199,68
6200,76
6201,75
6202,75
6203,76
6204,78
6205,73
6206,75
6207,75
6208,79
6209,65
6210,77
6211,73
6212,70
6213,72
6214,107
6215,72
6216,68
6217,72
6218,77
6219,74
6220,77
6221,72
6222,111
6223,103
6224,120
6225,92
6226,70
6227,77
6228,73
6229,76
6230,82
6231,72
6232,71
6233,94
6234,78
6235,81
6236,70
6237,78
6238,67
6239,90
6240,136
6241,169
6242,140
6243,77
6244,101
6245,78
6246,73
6247,67
6248,72
6249,56
6250,73
6251,74
6252,70
6253,70
6254,69
6255,68
6256,75
6257,67
6258,73
6259,70
6260,66
6261,73
6262,59
6263,75
6264,68
6265,73
6266,69
6267,63
6268,63
6269,72
6270,64
6271,63
6272,68
6273,77
6274,74
6275,75
6276,72
6277,73
6278,74
6279,72
6280,74
6281,73
6282,80
6283,76
6284,62
6285,62
6286,75
6287,72
6288,67
6289,76
6290,70
6291,81
6292,75
6293,71
6294,74
6295,67
6296,72
6297,77
6298,76
6299,68
6300,75
6301,78
6302,78
6303,65
6304,71
6305,72
6306,68
6307,56
6308,70
6309,62
6310,69
6311,71
6312,70
6313,75
6314,66
6315,76
6316,69
6317,71
6318,67
6319,71
6320,77
6321,57
6322,76
6323,69
6324,62
6325,73
6326,70
6327,74
6328,68
6329,68
6330,69
6331,58
6332,66
6333,60
6334,63
6335,75
6336,78
6337,294
6338,76
6339,68
6340,69
6341,73
6342,63
6343,79
6344,65
6345,74
6346,78
6347,74
6348,72
6349,80
6350,78
6351,75
6352,68
6353,78
6354,67
6355,61
6356,70
6357,70
6358,72
6359,66
6360,74
6361,63
6362,79
6363,67
6364,61
6365,65
6366,64
6367,70
6368,60
6369,71
6370,66
6371,64
6372,72
6373,73
6374,69
6375,72
6376,79
6377,72
6378,72
6379,72
6380,70
6381,72
6382,69
6383,85
6384,70
6385,69
6386,69
6387,72
6388,78
6389,71
6390,68
6391,74
6392,281
6393,68
6394,82
6395,83
6396,69
6397,72
6398,76
6399,79
6400,84
6401,75
6402,76
6403,67
6404,69
6405,67
6406,69
6407,86
6408,104
6409,100
6410,105
6411,92
6412,107
6413,117
6414,121
6415,94
6416,121
6417,104
6418,73
6419,84
6420,77
6421,77
6422,74
6423,77
6424,98
6425,145
6426,63
6427,84
6428,72
6429,61
6430,71
6431,75
6432,76
6433,72
6434,74
6435,74
6436,59
6437,75
6438,152
6439,97
6440,80
6441,70
6442,79
6443,71
6444,179
6445,77
6446,77
6447,74
6448,76
6449,68
6450,77
6451,71
6452,72
6453,66
6454,78
6455,79
6456,110
6457,102
6458,122
6459,194
6460,98
6461,180
6462,145
6463,80
6464,76
6465,73
6466,74
6467,74
6468,48
6469,69
6470,60
6471,75
6472,61
6473,76
6474,82
6475,59
6476,73
6477,66
6478,72
6479,75
6480,70
6481,74
6482,68
6483,74
6484,72
6485,77
6486,71
6487,77
6488,73
6489,73
6490,69
6491,70
6492,67
6493,78
6494,80
6495,84
6496,73
6497,76
6498,74
6499,67
6500,73
6501,67
6502,86
6503,79
6504,64
6505,73
6506,65
6507,68
6508,66
6509,70
6510,66
6511,67
6512,47
6513,69
6514,72
6515,128
6516,77
6517,70
6518,65
6519,68
6520,74
6521,78
6522,77
6523,66
6524,76
6525,78
6526,81
6527,78
6528,77
6529,70
6530,84
6531,69
6532,86
6533,69
6534,68
6535,70
6536,71
6537,66
6538,72
6539,73
6540,68
6541,73
6542,74
6543,70
6544,74
6545,65
6546,66
6547,70
6548,73
6549,81
6550,68
6551,68
6552,71
6553,66
6554,76
6555,68
6556,71
6557,79
6558,57
6559,75
6560,73
6561,73
6562,59
6563,77
6564,68
6565,77
6566,72
6567,72
6568,72
6569,71
6570,67
6571,68
6572,72
6573,71
6574,70
6575,77
6576,69
6577,69
6578,68
6579,74
6580,72
6581,71
6582,67
6583,80
6584,78
6585,83
6586,73
6587,74
6588,70
6589,77
6590,76
6591,77
6592,67
6593,81
6594,67
6595,73
6596,70
6597,68
6598,68
6599,81
6600,78
6601,63
6602,74
6603,98
6604,68
6605,69
6606,75
6607,72
6608,75
6609,75
6610,72
6611,78
6612,77
6613,67
6614,70
6615,75
6616,70
6617,73
6618,71
6619,83
6620,58
6621,78
6622,64
6623,65
6624,76
6625,66
6626,76
6627,68
6628,73
6629,79
6630,69
6631,61
6632,70
6633,74
6634,78
6635,84
6636,74
6637,75
6638,75
6639,72
6640,82
6641,69
6642,65
6643,79
6644,69
6645,77
6646,67
6647,74
6648,73
6649,72
6650,71
6651,77
6652,84
6653,76
6654,68
6655,77
6656,77
6657,68
6658,71
6659,64
6660,66
6661,70
6662,73
6663,68
6664,73
6665,74
6666,69
6667,75
6668,63
6669,74
6670,75
6671,80
6672,71
6673,64
6674,79
6675,67
6676,70
6677,76
6678,82
6679,86
6680,69
6681,72
6682,71
6683,64
6684,44
6685,73
6686,73
6687,81
6688,111
6689,97
6690,101
6691,69
6692,69
6693,77
6694,108
6695,71
6696,71
6697,74
6698,105
6699,82
6700,79
6701,91
6702,68
6703,75
6704,72
6705,106
6706,76
6707,86
6708,101
6709,76
6710,97
6711,81
6712,67
6713,254
6714,105
6715,92
6716,64
6717,85
6718,69
6719,79
6720,64
6721,90
6722,86
6723,82
6724,67
6725,65
6726,81
6727,79
6728,69
6729,82
6730,68
6731,65
6732,64
6733,77
6734,75
6735,69
6736,100
6737,68
6738,68
6739,65
6740,73
6741,73
6742,74
6743,64
6744,70
6745,70
6746,65
6747,77
6748,73
6749,72
6750,71
6751,76
6752,72
6753,70
6754,71
6755,68
6756,47
6757,80
6758,69
6759,70
6760,69
6761,69
6762,68
6763,73
6764,81
6765,66
6766,78
6767,66
6768,71
6769,67
6770,74
6771,74
6772,75
6773,70
6774,75
6775,66
6776,75
6777,71
6778,70
6779,79
6780,76
6781,76
6782,71
6783,79
6784,80
6785,73
6786,75
6787,69
6788,68
6789,59
6790,75
6791,77
6792,74
6793,78
6794,74
6795,92
6796,81
6797,85
6798,68
6799,73
6800,81
6801,71
6802,79
6803,75
6804,82
6805,96
6806,114
6807,113
6808,73
6809,87
6810,84
6811,81
6812,73
6813,78
6814,79
6815,111
6816,73
6817,109
6818,73
6819,76
6820,77
6821,76
6822,79
6823,70
6824,65
6825,75
6826,81
6827,73
6828,68
6829,81
6830,78
6831,77
6832,88
6833,88
6834,84
6835,71
6836,76
6837,81
6838,67
6839,78
6840,73
6841,72
6842,78
6843,70
6844,88
6845,78
6846,82
6847,159
6848,160
6849,68
6850,72
6851,74
6852,68
6853,85
6854,66
6855,68
6856,73
6857,73
6858,94
6859,74
6860,72
6861,64
6862,76
6863,78
6864,78
6865,93
6866,93
6867,76
6868,72
6869,60
6870,73
6871,69
6872,72
6873,68
6874,68
6875,64
6876,76
6877,75
6878,74
6879,81
6880,68
6881,81
6882,71
6883,79
6884,74
6885,73
6886,61
6887,71
6888,119
6889,78
6890,72
6891,74
6892,70
6893,79
6894,67
6895,80
6896,77
6897,67
6898,79
6899,66
6900,63
6901,72
6902,76
6903,75
6904,76
6905,80
6906,81
6907,66
6908,68
6909,68
6910,78
6911,69
6912,74
6913,77
6914,73
6915,73
6916,91
6917,81
6918,75
6919,72
6920,73
6921,118
6922,72
6923,378
6924,71
6925,78
6926,89
6927,73
6928,82
6929,76
6930,78
6931,69
6932,74
6933,72
6934,69
6935,65
6936,75
6937,75
6938,75
6939,70
6940,69
6941,58
6942,71
6943,69
6944,68
6945,70
6946,66
6947,68
6948,78
6949,70
6950,72
6951,71
6952,72
6953,76
6954,72
6955,71
6956,71
6957,89
6958,80
6959,77
6960,73
6961,68
6962,70
6963,66
6964,68
6965,76
6966,72
6967,64
6968,80
6969,80
6970,79
6971,74
6972,78
6973,74
6974,72
6975,70
6976,70
6977,77
6978,73
6979,58
6980,74
6981,71
6982,70
6983,87
6984,77
6985,73
6986,85
6987,88
6988,78
6989,72
6990,68
6991,66
6992,67
6993,71
6994,71
6995,73
6996,74
6997,59
6998,80
6999,77
7000,84
7001,76
7002,73
7003,81
7004,76
7005,77
7006,59
7007,77
7008,69
7009,78
7010,66
7011,78
7012,72
7013,69
7014,77
7015,74
7016,65
7017,73
7018,71
7019,82
7020,62
7021,75
7022,82
7023,77
7024,69
7025,79
7026,69
7027,73
7028,74
7029,71
7030,63
7031,73
7032,74
7033,82
7034,72
7035,97
7036,74
7037,77
7038,74
7039,69
7040,77
7041,64
7042,64
7043,74
7044,77
7045,76
7046,69
7047,74
7048,68
7049,74
7050,84
7051,80
7052,75
7053,81
7054,60
7055,75
7056,78
7057,76
7058,74
7059,86
7060,65
7061,84
7062,78
7063,67
7064,68
7065,74
7066,68
7067,65
7068,63
7069,72
7070,65
7071,75
7072,76
7073,90
7074,64
7075,57
7076,82
7077,75
7078,67
7079,77
7080,81
7081,77
7082,76
7083,73
7084,63
7085,69
7086,72
7087,67
7088,77
7089,74
7090,68
7091,73
7092,66
7093,68
7094,67
7095,65
7096,69
7097,60
7098,68
7099,75
7100,58
7101,79
7102,75
7103,84
7104,70
7105,76
7106,81
7107,71
7108,72
7109,70
7110,108
7111,119
7112,64
7113,99
7114,44
7115,68
7116,78
7117,80
7118,63
7119,78
7120,81
7121,74
7122,74
7123,82
7124,78
7125,82
7126,69
7127,71
7128,71
7129,71
7130,80
7131,76
7132,69
7133,70
7134,73
7135,70
7136,73
7137,72
7138,63
7139,71
7140,67
7141,68
7142,75
7143,71
7144,59
7145,71
7146,69
7147,78
7148,82
7149,70
7150,74
7151,74
7152,70
7153,66
7154,70
7155,85
7156,70
7157,65
7158,69
7159,73
7160,72
7161,59
7162,70
7163,67
7164,70
7165,72
7166,71
7167,65
7168,74
7169,75
7170,75
7171,72
7172,62
7173,78
7174,76
7175,264
7176,76
7177,69
7178,70
7179,69
7180,66
7181,69
7182,69
7183,67
7184,67
7185,67
7186,69
7187,72
7188,81
7189,78
7190,68
7191,76
7192,74
7193,58
7194,74
7195,56
7196,72
7197,68
7198,70
7199,74
7200,76
7201,64
7202,76
7203,74
7204,76
7205,78
7206,73
7207,73
7208,69
7209,72
7210,69
7211,85
7212,70
7213,86
7214,77
7215,72
7216,103
7217,75
7218,183
7219,83
7220,74
7221,81
7222,73
7223,67
7224,74
7225,68
7226,84
7227,110
7228,98
7229,117
7230,74
7231,73
7232,174
7233,84
7234,75
7235,70
7236,81
7237,95
7238,94
7239,101
7240,73
7241,88
7242,74
7243,83
7244,72
7245,74
7246,71
7247,87
7248,76
7249,78
7250,78
7251,84
7252,77
7253,78
7254,67
7255,82
7256,84
7257,85
7258,89
7259,75
7260,75
7261,77
7262,67
7263,73
7264,52
7265,66
7266,77
7267,70
7268,72
7269,81
7270,90
7271,64
7272,74
7273,75
7274,74
7275,74
7276,64
7277,74
7278,78
7279,69
7280,74
7281,79
7282,71
7283,69
7284,66
7285,74
7286,74
7287,82
7288,65
7289,75
7290,66
7291,92
7292,79
7293,62
7294,74
7295,70
7296,72
7297,71
7298,74
7299,68
7300,76
7301,73
7302,73
7303,74
7304,83
7305,72
7306,83
7307,73
7308,75
7309,83
7310,79
7311,79
7312,79
7313,75
7314,80
7315,87
7316,79
7317,80
7318,77
7319,74
7320,79
7321,87
7322,71
7323,76
7324,71
7325,76
7326,86
7327,76
7328,117
7329,85
7330,67
7331,74
7332,76
7333,66
7334,72
7335,63
7336,71
7337,72
7338,72
7339,72
7340,72
7341,96
7342,277
7343,84
7344,74
7345,65
7346,79
7347,288
7348,72
7349,77
7350,79
7351,81
7352,72
7353,78
7354,69
7355,75
7356,72
7357,73
7358,69
7359,65
7360,71
7361,100
7362,72
7363,80
7364,68
7365,73
7366,68
7367,75
7368,72
7369,80
7370,75
7371,74
7372,68
7373,82
7374,75
7375,76
7376,70
7377,73
7378,68
7379,76
7380,71
7381,77
7382,74
7383,68
7384,80
7385,70
7386,79
7387,86
7388,80
7389,91
7390,73
7391,77
7392,67
7393,56
7394,72
7395,70
7396,72
7397,72
7398,81
7399,75
7400,73
7401,83
7402,71
7403,72
7404,67
7405,65
7406,70
7407,73
7408,86
7409,77
7410,75
7411,71
7412,64
7413,72
7414,74
7415,67
7416,71
7417,72
7418,74
7419,88
7420,74
7421,66
7422,79
7423,78
7424,82
7425,80
7426,76
7427,77
7428,71
7429,71
7430,113
7431,92
7432,118
7433,109
7434,112
7435,129
7436,75
7437,63
7438,141
7439,72
7440,83
7441,79
7442,68
7443,80
7444,77
7445,110
7446,91
7447,79
7448,76
7449,71
7450,75
7451,71
7452,69
7453,68
7454,73
7455,66
7456,85
7457,80
7458,74
7459,71
7460,71
7461,80
7462,85
7463,72
7464,80
7465,74
7466,75
7467,71
7468,78
7469,64
7470,64
7471,75
7472,71
7473,68
7474,74
7475,64
7476,73
7477,69
7478,74
7479,70
7480,73
7481,77
7482,68
7483,74
7484,74
7485,71
7486,59
7487,82
7488,79
7489,68
7490,68
7491,89
7492,70
7493,64
7494,84
7495,71
7496,79
7497,79
7498,74
7499,83
7500,71
7501,75
7502,76
7503,69
7504,70
7505,76
7506,77
7507,59
7508,71
7509,74
7510,71
7511,71
7512,74
7513,72
7514,65
7515,68
7516,74
7517,90
7518,73
7519,79
7520,76
7521,77
7522,82
7523,84
7524,74
7525,74
7526,80
7527,78
7528,74
7529,74
7530,68
7531,63
7532,73
7533,61
7534,76
7535,69
7536,71
7537,74
7538,74
7539,71
7540,78
7541,83
7542,66
7543,74
7544,66
7545,78
7546,72
7547,60
7548,69
7549,75
7550,72
7551,81
7552,77
7553,92
7554,82
7555,75
7556,72
7557,74
7558,70
7559,73
7560,73
7561,71
7562,74
7563,79
7564,88
7565,234
7566,72
7567,99
7568,70
7569,70
7570,84
7571,67
7572,71
7573,67
7574,71
7575,76
7576,65
7577,78
7578,64
7579,63
7580,83
7581,74
7582,71
7583,75
7584,76
7585,75
7586,71
7587,72
7588,72
7589,69
7590,68
7591,65
7592,73
7593,82
7594,82
7595,71
7596,70
7597,68
7598,66
7599,62
7600,68
7601,63
7602,87
7603,82
7604,67
7605,77
7606,75
7607,69
7608,67
7609,58
7610,75
7611,69
7612,67
7613,71
7614,72
7615,70
7616,69
7617,73
7618,69
7619,67
7620,71
7621,79
7622,113
7623,90
7624,73
7625,73
7626,71
7627,67
7628,71
7629,83
7630,171
7631,72
7632,71
7633,75
7634,76
7635,71
7636,77
7637,56
7638,71
7639,73
7640,55
7641,83
7642,75
7643,75
7644,76
7645,76
7646,81
7647,79
7648,73
7649,75
7650,73
7651,75
7652,82
7653,73
7654,70
7655,72
7656,79
7657,77
7658,84
7659,72
7660,68
7661,79
7662,72
7663,76
7664,90
7665,71
7666,85
7667,78
7668,68
7669,73
7670,83
7671,72
7672,77
7673,71
7674,74
7675,73
7676,71
7677,76
7678,86
7679,71
7680,75
7681,75
7682,71
7683,77
7684,74
7685,73
7686,71
7687,65
7688,82
7689,83
7690,70
7691,76
7692,69
7693,82
7694,77
7695,74
7696,76
7697,68
7698,66
7699,67
7700,82
7701,82
7702,75
7703,57
7704,73
7705,76
7706,81
7707,86
7708,75
7709,71
7710,75
7711,81
7712,75
7713,81
7714,65
7715,66
7716,73
7717,74
7718,73
7719,73
7720,78
7721,82
7722,69
7723,72
7724,91
7725,92
7726,78
7727,84
7728,78
7729,73
7730,57
7731,82
7732,66
7733,71
7734,70
7735,83
7736,69
7737,86
7738,75
7739,81
7740,69
7741,82
7742,67
7743,71
7744,80
7745,97
7746,79
7747,68
7748,69
7749,77
7750,71
7751,83
7752,73
7753,77
7754,86
7755,83
7756,74
7757,74
7758,76
7759,78
7760,75
7761,72
7762,78
7763,84
7764,76
7765,76
7766,83
7767,78
7768,82
7769,84
7770,81
7771,78
7772,64
7773,71
7774,79
7775,64
7776,80
7777,77
7778,72
7779,67
7780,80
7781,76
7782,111
7783,109
7784,233
7785,59
7786,70
7787,69
7788,67
7789,75
7790,71
7791,76
7792,66
7793,70
7794,73
7795,71
7796,67
7797,70
7798,79
7799,71
7800,68
7801,268
7802,71
7803,82
7804,82
7805,73
7806,80
7807,77
7808,77
7809,87
7810,75
7811,75
7812,61
7813,73
7814,72
7815,81
7816,75
7817,82
7818,71
7819,73
7820,65
7821,70
7822,68
7823,96
7824,76
7825,69
7826,75
7827,93
7828,69
7829,81
7830,89
7831,72
7832,82
7833,69
7834,81
7835,76
7836,115
7837,114
7838,87
7839,73
7840,75
7841,78
7842,87
7843,91
7844,70
7845,87
7846,103
7847,87
7848,91
7849,66
7850,77
7851,74
7852,85
7853,73
7854,64
7855,90
7856,76
7857,76
7858,66
7859,81
7860,81
7861,90
7862,77
7863,90
7864,72
7865,76
7866,70
7867,74
7868,88
7869,84
7870,86
7871,76
7872,74
7873,73
7874,80
7875,66
7876,76
7877,72
7878,82
7879,74
7880,77
7881,80
7882,74
7883,79
7884,82
7885,75
7886,80
7887,78
7888,75
7889,85
7890,86
7891,72
7892,83
7893,78
7894,88
7895,98
7896,94
7897,75
7898,77
7899,72
7900,82
7901,73
7902,77
7903,75
7904,75
7905,78
7906,75
7907,75
7908,71
7909,81
7910,76
7911,56
7912,71
7913,74
7914,70
7915,74
7916,77
7917,80
7918,75
7919,75
7920,75
7921,73
7922,71
7923,72
7924,82
7925,70
7926,83
7927,78
7928,64
7929,64
7930,63
7931,75
7932,74
7933,72
7934,72
7935,72
7936,73
7937,72
7938,72
7939,74
7940,68
7941,79
7942,80
7943,71
7944,70
7945,70
7946,72
7947,99
7948,75
7949,73
7950,51
7951,73
7952,71
7953,246
7954,60
7955,80
7956,68
7957,73
7958,64
7959,287
7960,74
7961,78
7962,71
7963,69
7964,68
7965,67
7966,70
7967,70
7968,74
7969,70
7970,68
7971,65
7972,75
7973,68
7974,69
7975,71
7976,67
7977,72
7978,66
7979,70
7980,67
7981,80
7982,78
7983,74
7984,77
7985,87
7986,70
7987,79
7988,78
7989,76
7990,70
7991,77
7992,76
7993,82
7994,73
7995,77
7996,66
7997,72
7998,80
7999,62
8000,74
8001,71
8002,69
8003,66
8004,77
8005,68
8006,76
8007,63
8008,71
8009,77
8010,75
8011,71
8012,72
8013,81
8014,90
8015,76
8016,75
8017,80
8018,78
8019,82
8020,74
8021,75
8022,76
8023,75
8024,83
8025,64
8026,71
8027,69
8028,89
8029,88
8030,70
8031,81
8032,73
8033,92
8034,88
8035,72
8036,78
8037,78
8038,76
8039,75
8040,132
8041,98
8042,105
8043,112
8044,82
8045,79
8046,78
8047,91
8048,73
8049,87
8050,75
8051,78
8052,83
8053,80
8054,79
8055,80
8056,74
8057,83
8058,69
8059,70
8060,75
8061,74
8062,80
8063,110
8064,75
8065,70
8066,78
8067,69
8068,70
8069,76
8070,69
8071,73
8072,75
8073,73
8074,82
8075,73
8076,73
8077,75
8078,84
8079,72
8080,79
8081,71
8082,69
8083,69
8084,70
8085,78
8086,78
8087,69
8088,77
8089,68
8090,80
8091,77
8092,70
8093,72
8094,76
8095,64
8096,65
8097,70
8098,70
8099,71
8100,70
8101,66
8102,70
8103,73
8104,72
8105,68
8106,72
8107,67
8108,74
8109,73
8110,68
8111,81
8112,59
8113,64
8114,74
8115,80
8116,66
8117,80
8118,75
8119,68
8120,73
8121,76
8122,70
8123,74
8124,74
8125,79
8126,73
8127,82
8128,76
8129,78
8130,77
8131,74
8132,78
8133,62
8134,71
8135,73
8136,71
8137,71
8138,70
8139,76
8140,80
8141,65
8142,246
8143,68
8144,69
8145,74
8146,76
8147,67
8148,64
8149,74
8150,82
8151,77
8152,72
8153,71
8154,76
8155,81
8156,78
8157,101
8158,76
8159,77
8160,76
8161,85
8162,95
8163,69
8164,73
8165,75
8166,78
8167,73
8168,64
8169,88
8170,72
8171,67
8172,80
8173,260
8174,62
8175,73
8176,81
8177,80
8178,79
8179,78
8180,81
8181,80
8182,75
8183,73
8184,71
8185,74
8186,70
8187,81
8188,69
8189,76
8190,73
8191,81
8192,69
8193,67
8194,72
8195,75
8196,68
8197,78
8198,82
8199,74
8200,86
8201,86
8202,78
8203,69
8204,75
8205,73
8206,74
8207,70
8208,72
8209,61
8210,77
8211,81
8212,80
8213,62
8214,69
8215,76
8216,80
8217,79
8218,73
8219,69
8220,72
8221,79
8222,77
8223,90
8224,78
8225,68
8226,76
8227,74
8228,84
8229,81
8230,85
8231,77
8232,73
8233,78
8234,89
8235,80
8236,85
8237,76
8238,75
8239,77
8240,74
8241,81
8242,78
8243,67
8244,83
8245,74
8246,88
8247,77
8248,73
8249,97
8250,71
8251,68
8252,75
8253,75
8254,78
8255,74
8256,59
8257,72
8258,68
8259,70
8260,62
8261,71
8262,69
8263,62
8264,73
8265,72
8266,89
8267,80
8268,66
8269,82
8270,78
8271,73
8272,70
8273,75
8274,97
8275,117
8276,106
8277,83
8278,73
8279,76
8280,73
8281,74
8282,93
8283,81
8284,92
8285,71
8286,70
8287,162
8288,81
8289,73
8290,75
8291,69
8292,77
8293,54
8294,82
8295,74
8296,81
8297,81
8298,85
8299,79
8300,76
8301,97
8302,78
8303,80
8304,75
8305,70
8306,85
8307,87
8308,73
8309,82
8310,80
8311,69
8312,85
8313,71
8314,94
8315,69
8316,84
8317,90
8318,69
8319,72
8320,79
8321,62
8322,74
8323,68
8324,80
8325,67
8326,82
8327,69
8328,71
8329,76
8330,182
8331,78
8332,84
8333,73
8334,76
8335,80
8336,86
8337,77
8338,74
8339,74
8340,77
8341,68
8342,69
8343,68
8344,69
8345,73
8346,64
8347,68
8348,67
8349,74
8350,72
8351,68
8352,76
8353,73
8354,74
8355,73
8356,75
8357,70
8358,61
8359,79
8360,73
8361,80
8362,77
8363,83
8364,75
8365,76
8366,86
8367,71
8368,81
8369,73
8370,71
8371,77
8372,78
8373,76
8374,72
8375,69
8376,67
8377,71
8378,70
8379,68
8380,66
8381,79
8382,73
8383,85
8384,66
8385,66
8386,57
8387,73
8388,70
8389,75
8390,65
8391,76
8392,83
8393,68
8394,72
8395,89
8396,150
8397,82
8398,85
8399,81
8400,75
8401,82
8402,70
8403,81
8404,74
8405,386
8406,76
8407,72
8408,91
8409,473
8410,80
8411,61
8412,69
8413,73
8414,69
8415,74
8416,68
8417,87
8418,68
8419,79
8420,81
8421,83
8422,78
8423,76
8424,69
8425,86
8426,78
8427,69
8428,68
8429,69
8430,78
8431,86
8432,95
8433,79
8434,81
8435,74
8436,82
8437,75
8438,76
8439,71
8440,70
8441,76
8442,68
8443,71
8444,75
8445,60
8446,75
8447,74
8448,82
8449,71
8450,81
8451,89
8452,67
8453,82
8454,77
8455,71
8456,95
8457,111
8458,107
8459,93
8460,73
8461,79
8462,77
8463,69
8464,76
8465,79
8466,107
8467,80
8468,77
8469,86
8470,71
8471,73
8472,79
8473,69
8474,78
8475,68
8476,83
8477,79
8478,65
8479,73
8480,83
8481,90
8482,84
8483,78
8484,81
8485,79
8486,71
8487,82
8488,76
8489,69
8490,75
8491,73
8492,77
8493,72
8494,61
8495,75
8496,75
8497,76
8498,75
8499,78
8500,83
8501,80
8502,82
8503,68
8504,85
8505,83
8506,78
8507,63
8508,85
8509,79
8510,77
8511,77
8512,71
8513,78
8514,76
8515,83
8516,75
8517,77
8518,78
8519,75
8520,84
8521,67
8522,77
8523,76
8524,74
8525,71
8526,84
8527,65
8528,83
8529,74
8530,74
8531,83
8532,76
8533,80
8534,66
8535,79
8536,81
8537,75
8538,72
8539,172
8540,58
8541,69
8542,70
8543,77
8544,57
8545,67
8546,64
8547,84
8548,72
8549,85
8550,69
8551,66
8552,74
8553,69
8554,38
8555,78
8556,71
8557,73
8558,72
8559,72
8560,72
8561,63
8562,94
8563,70
8564,71
8565,64
8566,69
8567,74
8568,251
8569,68
8570,62
8571,70
8572,73
8573,68
8574,72
8575,73
8576,86
8577,64
8578,79
8579,88
8580,77
8581,76
8582,71
8583,79
8584,70
8585,185
8586,84
8587,69
8588,69
8589,72
8590,72
8591,74
8592,76
8593,77
8594,71
8595,74
8596,62
8597,76
8598,70
8599,77
8600,81
8601,78
8602,77
8603,79
8604,66
8605,74
8606,73
8607,77
8608,74
8609,73
8610,84
8611,59
8612,85
8613,71
8614,59
8615,68
8616,79
8617,80
8618,72
8619,72
8620,71
8621,78
8622,76
8623,78
8624,75
8625,73
8626,78
8627,72
8628,85
8629,84
8630,79
8631,86
8632,70
8633,90
8634,88
8635,98
8636,102
8637,96
8638,86
8639,77
8640,68
8641,74
8642,86
8643,123
8644,122
8645,109
8646,108
8647,121
8648,84
8649,78
8650,92
8651,79
8652,81
8653,121
8654,114
8655,124
8656,107
8657,77
8658,79
8659,82
8660,78
8661,67
8662,80
8663,82
8664,90
8665,80
8666,167
8667,72
8668,83
8669,242
8670,77
8671,84
8672,82
8673,113
8674,94
8675,129
8676,293
8677,92
8678,96
8679,118
8680,97
8681,89
8682,77
8683,102
8684,82
8685,90
8686,101
8687,119
8688,111
8689,79
8690,71
8691,80
8692,79
8693,70
8694,82
8695,72
8696,94
8697,208
8698,82
8699,92
8700,82
8701,74
8702,84
8703,74
8704,69
8705,86
8706,72
8707,83
8708,78
8709,87
8710,78
8711,79
8712,68
8713,82
8714,64
8715,65
8716,80
8717,80
8718,101
8719,72
8720,66
8721,81
8722,79
8723,86
8724,69
8725,71
8726,75
8727,78
8728,79
8729,87
8730,74
8731,65
8732,63
8733,70
8734,65
8735,87
8736,78
8737,78
8738,81
8739,79
8740,71
8741,92
8742,77
8743,70
8744,74
8745,76
8746,80
8747,85
8748,75
8749,70
8750,87
8751,76
8752,69
8753,74
8754,75
8755,76
8756,69
8757,71
8758,70
8759,63
8760,65
8761,73
8762,82
8763,85
8764,73
8765,78
8766,72
8767,70
8768,83
8769,72
8770,87
8771,76
8772,72
8773,79
8774,72
8775,88
8776,72
8777,79
8778,69
8779,88
8780,77
8781,75
8782,72
8783,89
8784,79
8785,161
8786,92
8787,75
8788,61
8789,81
8790,74
8791,76
8792,70
8793,79
8794,72
8795,64
8796,80
8797,75
8798,104
8799,173
8800,72
8801,68
8802,75
8803,76
8804,70
8805,60
8806,63
8807,74
8808,80
8809,245
8810,83
8811,62
8812,77
8813,76
8814,85
8815,75
8816,70
8817,84
8818,80
8819,68
8820,77
8821,84
8822,67
8823,75
8824,71
8825,85
8826,70
8827,62
8828,79
8829,74
8830,86
8831,89
8832,76
8833,73
8834,84
8835,79
8836,75
8837,71
8838,78
8839,82
8840,72
8841,83
8842,85
8843,78
8844,76
8845,62
8846,76
8847,88
8848,77
8849,82
8850,74
8851,82
8852,79
8853,96
8854,95
8855,80
8856,77
8857,75
8858,68
8859,110
8860,114
8861,122
8862,123
8863,62
8864,169
8865,120
8866,123
8867,109
8868,170
8869,87
8870,57
8871,76
8872,83
8873,83
8874,83
8875,80
8876,84
8877,79
8878,142
8879,78
8880,86
8881,76
8882,89
8883,74
8884,88
8885,83
8886,89
8887,79
8888,78
8889,76
8890,78
8891,87
8892,120
8893,83
8894,77
8895,73
8896,74
8897,77
8898,82
8899,76
8900,73
8901,79
8902,89
8903,90
8904,63
8905,73
8906,79
8907,77
8908,87
8909,79
8910,74
8911,77
8912,66
8913,77
8914,73
8915,84
8916,79
8917,70
8918,79
8919,78
8920,80
8921,75
8922,82
8923,71
8924,82
8925,137
8926,76
8927,84
8928,73
8929,79
8930,74
8931,85
8932,70
8933,68
8934,81
8935,83
8936,86
8937,70
8938,73
8939,80
8940,75
8941,73
8942,80
8943,71
8944,82
8945,79
8946,77
8947,76
8948,77
8949,75
8950,77
8951,74
8952,71
8953,68
8954,63
8955,67
8956,97
8957,70
8958,73
8959,66
8960,89
8961,83
8962,84
8963,73
8964,75
8965,69
8966,75
8967,80
8968,65
8969,86
8970,79
8971,85
8972,72
8973,71
8974,81
8975,84
8976,76
8977,84
8978,81
8979,73
8980,172
8981,76
8982,85
8983,73
8984,76
8985,66
8986,96
8987,96
8988,76
8989,79
8990,88
8991,74
8992,281
8993,80
8994,85
8995,76
8996,72
8997,67
8998,71
8999,68
9000,81
9001,79
9002,85
9003,229
9004,69
9005,77
9006,72
9007,67
9008,59
9009,78
9010,67
9011,74
9012,78
9013,75
9014,84
9015,69
9016,68
9017,82
9018,74
9019,85
9020,80
9021,79
9022,80
9023,82
9024,75
9025,228
9026,75
9027,63
9028,65
9029,71
9030,72
9031,72
9032,75
9033,86
9034,75
9035,76
9036,86
9037,65
9038,79
9039,72
9040,77
9041,76
9042,76
9043,81
9044,85
9045,88
9046,70
9047,63
9048,83
9049,71
9050,76
9051,84
9052,81
9053,85
9054,89
9055,75
9056,69
9057,72
9058,68
9059,78
9060,80
9061,82
9062,91
9063,86
9064,80
9065,83
9066,83
9067,77
9068,76
9069,87
9070,69
9071,73
9072,75
9073,81
9074,75
9075,83
9076,66
9077,71
9078,81
9079,61
9080,84
9081,85
9082,73
9083,70
9084,83
9085,79
9086,77
9087,76
9088,73
9089,73
9090,74
9091,74
9092,70
9093,74
9094,70
9095,77
9096,74
9097,90
9098,73
9099,74
9100,82
9101,75
9102,78
9103,83
9104,75
9105,88
9106,77
9107,74
9108,88
9109,75
9110,77
9111,84
9112,65
9113,67
9114,69
9115,68
9116,95
9117,75
9118,73
9119,73
9120,82
9121,74
9122,74
9123,77
9124,73
9125,91
9126,84
9127,74
9128,85
9129,77
9130,75
9131,80
9132,85
9133,78
9134,79
9135,77
9136,76
9137,111
9138,104
9139,180
9140,80
9141,73
9142,78
9143,82
9144,85
9145,79
9146,77
9147,81
9148,81
9149,88
9150,67
9151,90
9152,66
9153,69
9154,69
9155,73
9156,70
9157,80
9158,78
9159,74
9160,79
9161,89
9162,74
9163,74
9164,79
9165,73
9166,80
9167,77
9168,72
9169,72
9170,76
9171,74
9172,66
9173,68
9174,231
9175,85
9176,83
9177,78
9178,77
9179,69
9180,60
9181,82
9182,59
9183,60
9184,57
9185,49
9186,73
9187,73
9188,58
9189,74
9190,73
9191,85
9192,71
9193,81
9194,78
9195,128
9196,125
9197,88
9198,140
9199,113
9200,82
9201,89
9202,75
9203,67
9204,71
9205,76
9206,68
9207,91
9208,81
9209,73
9210,66
9211,78
9212,65
9213,91
9214,75
9215,75
9216,71
9217,69
9218,65
9219,73
9220,70
9221,81
9222,82
9223,71
9224,81
9225,75
9226,73
9227,69
9228,86
9229,83
9230,75
9231,70
9232,77
9233,78
9234,77
9235,72
9236,73
9237,84
9238,77
9239,68
9240,79
9241,77
9242,77
9243,87
9244,75
9245,76
9246,78
9247,252
9248,74
9249,71
9250,84
9251,71
9252,79
9253,70
9254,104
9255,68
9256,125
9257,116
9258,79
9259,171
9260,107
9261,93
9262,168
9263,74
9264,78
9265,76
9266,78
9267,98
9268,68
9269,75
9270,85
9271,76
9272,82
9273,72
9274,81
9275,79
9276,73
9277,76
9278,82
9279,81
9280,93
9281,81
9282,79
9283,80
9284,74
9285,74
9286,89
9287,79
9288,77
9289,78
9290,80
9291,86
9292,82
9293,78
9294,72
9295,81
9296,75
9297,79
9298,119
9299,69
9300,73
9301,85
9302,115
9303,79
9304,76
9305,80
9306,72
9307,68
9308,80
9309,79
9310,82
9311,82
9312,72
9313,62
9314,84
9315,85
9316,83
9317,83
9318,79
9319,76
9320,71
9321,69
9322,70
9323,76
9324,72
9325,73
9326,87
9327,76
9328,79
9329,70
9330,72
9331,72
9332,78
9333,75
9334,76
9335,76
9336,79
9337,76
9338,114
9339,81
9340,85
9341,81
9342,77
9343,78
9344,73
9345,77
9346,75
9347,71
9348,76
9349,70
9350,74
9351,84
9352,68
9353,76
9354,70
9355,67
9356,84
9357,81
9358,82
9359,79
9360,64
9361,79
9362,73
9363,65
9364,46
9365,88
9366,75
9367,85
9368,69
9369,73
9370,82
9371,72
9372,73
9373,81
9374,84
9375,74
9376,77
9377,73
9378,80
9379,72
9380,82
9381,81
9382,74
9383,78
9384,79
9385,72
9386,73
9387,74
9388,76
9389,75
9390,87
9391,66
9392,68
9393,69
9394,82
9395,65
9396,75
9397,88
9398,82
9399,71
9400,66
9401,81
9402,75
9403,75
9404,68
9405,73
9406,70
9407,60
9408,70
9409,71
9410,74
9411,78
9412,81
9413,84
9414,73
9415,77
9416,84
9417,91
9418,88
9419,78
9420,70
9421,72
9422,75
9423,69
9424,68
9425,81
9426,86
9427,93
9428,80
9429,79
9430,74
9431,79
9432,97
9433,75
9434,87
9435,73
9436,78
9437,75
9438,72
9439,74
9440,72
9441,76
9442,71
9443,63
9444,83
9445,87
9446,88
9447,71
9448,59
9449,104
9450,81
9451,77
9452,75
9453,75
9454,76
9455,71
9456,77
9457,70
9458,78
9459,87
9460,80
9461,79
9462,76
9463,76
9464,68
9465,68
9466,69
9467,65
9468,75
9469,87
9470,78
9471,74
9472,80
9473,62
9474,81
9475,77
9476,82
9477,84
9478,72
9479,76
9480,92
9481,69
9482,88
9483,80
9484,85
9485,65
9486,73
9487,74
9488,87
9489,77
9490,87
9491,79
9492,70
9493,69
9494,76
9495,70
9496,79
9497,80
9498,84
9499,74
9500,72
9501,77
9502,85
9503,77
9504,81
9505,74
9506,77
9507,81
9508,77
9509,82
9510,71
9511,66
9512,81
9513,79
9514,89
9515,73
9516,76
9517,86
9518,77
9519,88
9520,82
9521,72
9522,84
9523,88
9524,80
9525,82
9526,78
9527,71
9528,75
9529,71
9530,75
9531,72
9532,69
9533,72
9534,72
9535,85
9536,65
9537,74
9538,77
9539,69
9540,76
9541,79
9542,77
9543,101
9544,95
9545,70
9546,94
9547,117
9548,93
9549,72
9550,98
9551,75
9552,73
9553,85
9554,75
9555,218
9556,68
9557,78
9558,79
9559,72
9560,66
9561,70
9562,66
9563,76
9564,76
9565,63
9566,73
9567,69
9568,67
9569,72
9570,83
9571,75
9572,70
9573,77
9574,75
9575,84
9576,65
9577,93
9578,75
9579,232
9580,77
9581,83
9582,69
9583,69
9584,68
9585,78
9586,75
9587,83
9588,76
9589,71
9590,70
9591,79
9592,82
9593,80
9594,76
9595,72
9596,77
9597,73
9598,69
9599,77
9600,63
9601,70
9602,71
9603,74
9604,67
9605,78
9606,81
9607,82
9608,78
9609,72
9610,89
9611,75
9612,72
9613,84
9614,84
9615,75
9616,80
9617,71
9618,84
9619,62
9620,65
9621,78
9622,76
9623,67
9624,75
9625,72
9626,73
9627,85
9628,74
9629,63
9630,73
9631,86
9632,73
9633,78
9634,73
9635,71
9636,74
9637,89
9638,68
9639,74
9640,82
9641,72
9642,75
9643,76
9644,74
9645,79
9646,68
9647,112
9648,62
9649,81
9650,73
9651,76
9652,75
9653,83
9654,91
9655,86
9656,125
9657,99
9658,80
9659,169
9660,100
9661,82
9662,99
9663,79
9664,83
9665,69
9666,83
9667,77
9668,77
9669,73
9670,86
9671,78
9672,70
9673,74
9674,86
9675,87
9676,85
9677,74
9678,77
9679,82
9680,80
9681,87
9682,83
9683,82
9684,88
9685,84
9686,72
9687,89
9688,80
9689,77
9690,77
9691,84
9692,64
9693,81
9694,70
9695,74
9696,71
9697,74
9698,72
9699,75
9700,74
9701,73
9702,76
9703,68
9704,70
9705,79
9706,74
9707,63
9708,68
9709,77
9710,77
9711,72
9712,74
9713,67
9714,77
9715,81
9716,78
9717,77
9718,71
9719,74
9720,73
9721,72
9722,74
9723,82
9724,77
9725,75
9726,69
9727,79
9728,76
9729,82
9730,66
9731,69
9732,65
9733,77
9734,76
9735,70
9736,72
9737,85
9738,77
9739,79
9740,75
9741,74
9742,71
9743,68
9744,75
9745,79
9746,75
9747,88
9748,75
9749,69
9750,79
9751,78
9752,78
9753,63
9754,75
9755,71
9756,74
9757,73
9758,75
9759,76
9760,243
9761,73
9762,69
9763,74
9764,65
9765,75
9766,73
9767,64
9768,67
9769,65
9770,72
9771,75
9772,75
9773,70
9774,67
9775,70
9776,62
9777,71
9778,70
9779,72
9780,73
9781,77
9782,75
9783,69
9784,72
9785,69
9786,67
9787,65
9788,71
9789,70
9790,77
9791,72
9792,71
9793,73
9794,70
9795,243
9796,68
9797,71
9798,71
9799,76
9800,75
9801,66
9802,68
9803,72
9804,72
9805,71
9806,69
9807,71
9808,66
9809,72
9810,71
9811,64
9812,74
9813,69
9814,80
9815,72
9816,73
9817,57
9818,72
9819,81
9820,72
9821,85
9822,79
9823,75
9824,70
9825,72
9826,75
9827,75
9828,68
9829,84
9830,68
9831,71
9832,80
9833,56
9834,73
9835,77
9836,78
9837,71
9838,68
9839,75
9840,74
9841,70
9842,76
9843,78
9844,69
9845,72
9846,73
9847,73
9848,71
9849,78
9850,74
9851,74
9852,74
9853,69
9854,70
9855,76
9856,65
9857,76
9858,93
9859,79
9860,76
9861,67
9862,75
9863,77
9864,76
9865,77
9866,76
9867,77
9868,80
9869,75
9870,75
9871,57
9872,69
9873,75
9874,70
9875,68
9876,76
9877,79
9878,75
9879,75
9880,75
9881,79
9882,75
9883,74
9884,71
9885,64
9886,68
9887,73
9888,74
9889,69
9890,77
9891,78
9892,70
9893,79
9894,71
9895,77
9896,108
9897,72
9898,77
9899,76
9900,79
9901,74
9902,75
9903,75
9904,72
9905,64
9906,78
9907,80
9908,80
9909,76
9910,66
9911,71
9912,67
9913,66
9914,75
9915,77
9916,75
9917,75
9918,76
9919,80
9920,64
9921,70
9922,65
9923,78
9924,71
9925,68
9926,78
9927,74
9928,76
9929,70
9930,77
9931,67
9932,79
9933,67
9934,68
9935,121
9936,116
9937,81
9938,71
9939,77
9940,70
9941,81
9942,64
9943,75
9944,66
9945,84
9946,82
9947,52
9948,81
9949,73
9950,76
9951,73
9952,69
9953,80
9954,75
9955,68
9956,72
9957,74
9958,77
9959,65
9960,76
9961,68
9962,69
9963,69
9964,77
9965,66
9966,74
9967,73
9968,75
9969,88
9970,90
9971,73
9972,76
9973,72
9974,74
9975,74
9976,68
9977,77
9978,77
9979,70
9980,74
9981,68
9982,73
9983,73
9984,67
9985,78
9986,74
9987,73
9988,73
9989,77
9990,68
9991,80
9992,79
9993,60
9994,77
9995,69
9996,60
9997,71
9998,74
9999,75
10000,72
